time,amplitude,fluxintegral,power
0,0,0.90903992603697,0
0.0001953125,1,0.90903992603697,0.99994391864067
0.000390625,1,0.90903992603697,0.99994391864067
0.0005859375,1,0.90903992603697,0.99994391864067
0.00078125,1,0.90903992603697,0.99994391864067
0.0009765625,1,0.90903992603697,0.99994391864067
0.001171875,1,0.90903992603697,0.99994391864067
0.0013671875,1,0.90903992603697,0.99994391864067
0.0015625,1,0.90903992603697,0.99994391864067
0.0017578125,1,0.90903992603697,0.99994391864067
0.001953125,1,0.90903992603697,0.99994391864067
0.0021484375,1,0.90903992603697,0.99994391864067
0.00234375,1,0.90903992603697,0.99994391864067
0.0025390625,1,0.90903992603697,0.99994391864067
0.002734375,1,0.90903992603697,0.99994391864067
0.0029296875,1,0.90903992603697,0.99994391864067
0.003125,1,0.90903992603697,0.99994391864067
0.0033203125,1,0.90903992603697,0.99994391864067
0.003515625,1,0.90903992603697,0.99994391864067
0.0037109375,1,0.90903992603697,0.99994391864067
0.00390625,1,0.90903992603697,0.99994391864067
0.0041015625,1,0.90903992603697,0.99994391864067
0.004296875,1,0.90903992603697,0.99994391864067
0.0044921875,1,0.90903992603697,0.99994391864067
0.0046875,1,0.90903992603697,0.99994391864067
0.0048828125,1,0.90903992603697,0.99994391864067
0.005078125,1,0.90903992603697,0.99994391864067
0.0052734375,1,0.90903992603697,0.99994391864067
0.00546875,1,0.90903992603697,0.99994391864067
0.0056640625,1,0.90903992603697,0.99994391864067
0.005859375,1,0.90903992603697,0.99994391864067
0.0060546875,1,0.90903992603697,0.99994391864067
0.00625,1,0.90903992603697,0.99994391864067
0.0064453125,1,0.90903992603697,0.99994391864067
0.006640625,1,0.90903992603697,0.99994391864067
0.0068359375,1,0.90903992603697,0.99994391864067
0.00703125,1,0.90903992603697,0.99994391864067
0.0072265625,1,0.90903992603697,0.99994391864067
0.007421875,1,0.90903992603697,0.99994391864067
0.0076171875,1,0.90903992603697,0.99994391864067
0.0078125,1,0.90903992603697,0.99994391864067
0.0080078125,1,0.90903992603697,0.99994391864067
0.008203125,1,0.90903992603697,0.99994391864067
0.0083984375,1,0.90903992603697,0.99994391864067
0.00859375,1,0.90903992603697,0.99994391864067
0.0087890625,1,0.90903992603697,0.99994391864067
0.008984375,1,0.90903992603697,0.99994391864067
0.0091796875,1,0.90903992603697,0.99994391864067
0.009375,1,0.90903992603697,0.99994391864067
0.0095703125,1,0.90903992603697,0.99994391864067
0.009765625,1,0.90903992603697,0.99994391864067
0.0099609375,1,0.90903992603697,0.99994391864067
0.01015625,1,0.90903992603697,0.99994391864067
0.0103515625,1,0.90903992603697,0.99994391864067
0.010546875,1,0.90903992603697,0.99994391864067
0.0107421875,1,0.90903992603697,0.99994391864067
0.0109375,1,0.90903992603697,0.99994391864067
0.0111328125,1,0.90903992603697,0.99994391864067
0.011328125,1,0.90903992603697,0.99994391864067
0.0115234375,1,0.90903992603697,0.99994391864067
0.01171875,1,0.90903992603697,0.99994391864067
0.0119140625,1,0.90903992603697,0.99994391864067
0.012109375,1,0.90903992603697,0.99994391864067
0.0123046875,1,0.90903992603697,0.99994391864067
0.0125,1,0.90903992603697,0.99994391864067
0.0126953125,1,0.90903992603697,0.99994391864067
0.012890625,1,0.90903992603697,0.99994391864067
0.0130859375,1,0.90903992603697,0.99994391864067
0.01328125,1,0.90903992603697,0.99994391864067
0.0134765625,1,0.90903992603697,0.99994391864067
0.013671875,1,0.90903992603697,0.99994391864067
0.0138671875,1,0.90903992603697,0.99994391864067
0.0140625,1,0.90903992603697,0.99994391864067
0.0142578125,1,0.90903992603697,0.99994391864067
0.014453125,1,0.90903992603697,0.99994391864067
0.0146484375,1,0.90903992603697,0.99994391864067
0.01484375,1,0.90903992603697,0.99994391864067
0.0150390625,1,0.90903992603697,0.99994391864067
0.015234375,1,0.90903992603697,0.99994391864067
0.0154296875,1,0.90903992603697,0.99994391864067
0.015625,1,0.90903992603697,0.99994391864067
0.0158203125,1,0.90903992603697,0.99994391864067
0.016015625,1,0.90903992603697,0.99994391864067
0.0162109375,1,0.90903992603697,0.99994391864067
0.01640625,1,0.90903992603697,0.99994391864067
0.0166015625,1,0.90903992603697,0.99994391864067
0.016796875,1,0.90903992603697,0.99994391864067
0.0169921875,1,0.90903992603697,0.99994391864067
0.0171875,1,0.90903992603697,0.99994391864067
0.0173828125,1,0.90903992603697,0.99994391864067
0.017578125,1,0.90903992603697,0.99994391864067
0.0177734375,1,0.90903992603697,0.99994391864067
0.01796875,1,0.90903992603697,0.99994391864067
0.0181640625,1,0.90903992603697,0.99994391864067
0.018359375,1,0.90903992603697,0.99994391864067
0.0185546875,1,0.90903992603697,0.99994391864067
0.01875,1,0.90903992603697,0.99994391864067
0.0189453125,1,0.90903992603697,0.99994391864067
0.019140625,1,0.90903992603697,0.99994391864067
0.0193359375,1,0.90903992603697,0.99994391864067
0.01953125,1,0.90903992603697,0.99994391864067
0.0197265625,1,0.90903992603697,0.99994391864067
0.019921875,1,0.90903992603697,0.99994391864067
0.0201171875,1,0.90903992603697,0.99994391864067
0.0203125,1,0.90903992603697,0.99994391864067
0.0205078125,1,0.90903992603697,0.99994391864067
0.020703125,1,0.90903992603697,0.99994391864067
0.0208984375,1,0.90903992603697,0.99994391864067
0.02109375,1,0.90903992603697,0.99994391864067
0.0212890625,1,0.90903992603697,0.99994391864067
0.021484375,1,0.90903992603697,0.99994391864067
0.0216796875,1,0.90903992603697,0.99994391864067
0.021875,1,0.90903992603697,0.99994391864067
0.0220703125,1,0.90903992603697,0.99994391864067
0.022265625,1,0.90903992603697,0.99994391864067
0.0224609375,1,0.90903992603697,0.99994391864067
0.02265625,1,0.90903992603697,0.99994391864067
0.0228515625,1,0.90903992603697,0.99994391864067
0.023046875,1,0.90903992603697,0.99994391864067
0.0232421875,1,0.90903992603697,0.99994391864067
0.0234375,1,0.90903992603697,0.99994391864067
0.0236328125,1,0.90903992603697,0.99994391864067
0.023828125,1,0.90903992603697,0.99994391864067
0.0240234375,1,0.90903992603697,0.99994391864067
0.02421875,1,0.90903992603697,0.99994391864067
0.0244140625,1,0.90903992603697,0.99994391864067
0.024609375,1,0.90903992603697,0.99994391864067
0.0248046875,1,0.90903992603697,0.99994391864067
0.025,1,0.90903992603697,0.99994391864067
0.0251953125,1,0.90903992603697,0.99994391864067
0.025390625,1,0.90903992603697,0.99994391864067
0.0255859375,1,0.90903992603697,0.99994391864067
0.02578125,1,0.90903992603697,0.99994391864067
0.0259765625,1,0.90903992603697,0.99994391864067
0.026171875,1,0.90903992603697,0.99994391864067
0.0263671875,1,0.90903992603697,0.99994391864067
0.0265625,1,0.90903992603697,0.99994391864067
0.0267578125,1,0.90903992603697,0.99994391864067
0.026953125,1,0.90903992603697,0.99994391864067
0.0271484375,1,0.90903992603697,0.99994391864067
0.02734375,1,0.90903992603697,0.99994391864067
0.0275390625,1,0.90903992603697,0.99994391864067
0.027734375,1,0.90903992603697,0.99994391864067
0.0279296875,1,0.90903992603697,0.99994391864067
0.028125,1,0.90903992603697,0.99994391864067
0.0283203125,1,0.90903992603697,0.99994391864067
0.028515625,1,0.90903992603697,0.99994391864067
0.0287109375,1,0.90903992603697,0.99994391864067
0.02890625,1,0.90903992603697,0.99994391864067
0.0291015625,1,0.90903992603697,0.99994391864067
0.029296875,1,0.90903992603697,0.99994391864067
0.0294921875,1,0.90903992603697,0.99994391864067
0.0296875,1,0.90903992603697,0.99994391864067
0.0298828125,1,0.90903992603697,0.99994391864067
0.030078125,1,0.90903992603697,0.99994391864067
0.0302734375,1,0.90903992603697,0.99994391864067
0.03046875,1,0.90903992603697,0.99994391864067
0.0306640625,1,0.90903992603697,0.99994391864067
0.030859375,1,0.90903992603697,0.99994391864067
0.0310546875,1,0.90903992603697,0.99994391864067
0.03125,1,0.90903992603697,0.99994391864067
0.0314453125,1,0.90903992603697,0.99994391864067
0.031640625,1,0.90903992603697,0.99994391864067
0.0318359375,1,0.90903992603697,0.99994391864067
0.03203125,1,0.90903992603697,0.99994391864067
0.0322265625,1,0.90903992603697,0.99994391864067
0.032421875,1,0.90903992603697,0.99994391864067
0.0326171875,1,0.90903992603697,0.99994391864067
0.0328125,1,0.90903992603697,0.99994391864067
0.0330078125,1,0.90903992603697,0.99994391864067
0.033203125,1,0.90903992603697,0.99994391864067
0.0333984375,1,0.90903992603697,0.99994391864067
0.03359375,1,0.90903992603697,0.99994391864067
0.0337890625,1,0.90903992603697,0.99994391864067
0.033984375,1,0.90903992603697,0.99994391864067
0.0341796875,1,0.90903992603697,0.99994391864067
0.034375,1,0.90903992603697,0.99994391864067
0.0345703125,1,0.90903992603697,0.99994391864067
0.034765625,1,0.90903992603697,0.99994391864067
0.0349609375,1,0.90903992603697,0.99994391864067
0.03515625,1,0.90903992603697,0.99994391864067
0.0353515625,1,0.90903992603697,0.99994391864067
0.035546875,1,0.90903992603697,0.99994391864067
0.0357421875,1,0.90903992603697,0.99994391864067
0.0359375,1,0.90903992603697,0.99994391864067
0.0361328125,1,0.90903992603697,0.99994391864067
0.036328125,1,0.90903992603697,0.99994391864067
0.0365234375,1,0.90903992603697,0.99994391864067
0.03671875,1,0.90903992603697,0.99994391864067
0.0369140625,1,0.90903992603697,0.99994391864067
0.037109375,1,0.90903992603697,0.99994391864067
0.0373046875,1,0.90903992603697,0.99994391864067
0.0375,1,0.90903992603697,0.99994391864067
0.0376953125,1,0.90903992603697,0.99994391864067
0.037890625,1,0.90903992603697,0.99994391864067
0.0380859375,1,0.90903992603697,0.99994391864067
0.03828125,1,0.90903992603697,0.99994391864067
0.0384765625,1,0.90903992603697,0.99994391864067
0.038671875,1,0.90903992603697,0.99994391864067
0.0388671875,1,0.90903992603697,0.99994391864067
0.0390625,1,0.90903992603697,0.99994391864067
0.0392578125,1,0.90903992603697,0.99994391864067
0.039453125,1,0.90903992603697,0.99994391864067
0.0396484375,1,0.90903992603697,0.99994391864067
0.03984375,1,0.90903992603697,0.99994391864067
0.0400390625,1,0.90903992603697,0.99994391864067
0.040234375,1,0.90903992603697,0.99994391864067
0.0404296875,1,0.90903992603697,0.99994391864067
0.040625,1,0.90903992603697,0.99994391864067
0.0408203125,1,0.90903992603697,0.99994391864067
0.041015625,1,0.90903992603697,0.99994391864067
0.0412109375,1,0.90903992603697,0.99994391864067
0.04140625,1,0.90903992603697,0.99994391864067
0.0416015625,1,0.90903992603697,0.99994391864067
0.041796875,1,0.90903992603697,0.99994391864067
0.0419921875,1,0.90903992603697,0.99994391864067
0.0421875,1,0.90903992603697,0.99994391864067
0.0423828125,1,0.90903992603697,0.99994391864067
0.042578125,1,0.90903992603697,0.99994391864067
0.0427734375,1,0.90903992603697,0.99994391864067
0.04296875,1,0.90903992603697,0.99994391864067
0.0431640625,1,0.90903992603697,0.99994391864067
0.043359375,1,0.90903992603697,0.99994391864067
0.0435546875,1,0.90903992603697,0.99994391864067
0.04375,1,0.90903992603697,0.99994391864067
0.0439453125,1,0.90903992603697,0.99994391864067
0.044140625,1,0.90903992603697,0.99994391864067
0.0443359375,1,0.90903992603697,0.99994391864067
0.04453125,1,0.90903992603697,0.99994391864067
0.0447265625,1,0.90903992603697,0.99994391864067
0.044921875,1,0.90903992603697,0.99994391864067
0.0451171875,1,0.90903992603697,0.99994391864067
0.0453125,1,0.90903992603697,0.99994391864067
0.0455078125,1,0.90903992603697,0.99994391864067
0.045703125,1,0.90903992603697,0.99994391864067
0.0458984375,1,0.90903992603697,0.99994391864067
0.04609375,1,0.90903992603697,0.99994391864067
0.0462890625,1,0.90903992603697,0.99994391864067
0.046484375,1,0.90903992603697,0.99994391864067
0.0466796875,1,0.90903992603697,0.99994391864067
0.046875,1,0.90903992603697,0.99994391864067
0.0470703125,1,0.90903992603697,0.99994391864067
0.047265625,1,0.90903992603697,0.99994391864067
0.0474609375,1,0.90903992603697,0.99994391864067
0.04765625,1,0.90903992603697,0.99994391864067
0.0478515625,1,0.90903992603697,0.99994391864067
0.048046875,1,0.90903992603697,0.99994391864067
0.0482421875,1,0.90903992603697,0.99994391864067
0.0484375,1,0.90903992603697,0.99994391864067
0.0486328125,1,0.90903992603697,0.99994391864067
0.048828125,1,0.90903992603697,0.99994391864067
0.0490234375,1,0.90903992603697,0.99994391864067
0.04921875,1,0.90903992603697,0.99994391864067
0.0494140625,1,0.90903992603697,0.99994391864067
0.049609375,1,0.90903992603697,0.99994391864067
0.0498046875,1,0.90903992603697,0.99994391864067
0.05,1,0.90903992603697,0.99994391864067
0.0501953125,1,0.90903992603697,0.99994391864067
0.050390625,1,0.90903992603697,0.99994391864067
0.0505859375,1,0.90903992603697,0.99994391864067
0.05078125,1,0.90903992603697,0.99994391864067
0.0509765625,1,0.90903992603697,0.99994391864067
0.051171875,1,0.90903992603697,0.99994391864067
0.0513671875,1,0.90903992603697,0.99994391864067
0.0515625,1,0.90903992603697,0.99994391864067
0.0517578125,1,0.90903992603697,0.99994391864067
0.051953125,1,0.90903992603697,0.99994391864067
0.0521484375,1,0.90903992603697,0.99994391864067
0.05234375,1,0.90903992603697,0.99994391864067
0.0525390625,1,0.90903992603697,0.99994391864067
0.052734375,1,0.90903992603697,0.99994391864067
0.0529296875,1,0.90903992603697,0.99994391864067
0.053125,1,0.90903992603697,0.99994391864067
0.0533203125,1,0.90903992603697,0.99994391864067
0.053515625,1,0.90903992603697,0.99994391864067
0.0537109375,1,0.90903992603697,0.99994391864067
0.05390625,1,0.90903992603697,0.99994391864067
0.0541015625,1,0.90903992603697,0.99994391864067
0.054296875,1,0.90903992603697,0.99994391864067
0.0544921875,1,0.90903992603697,0.99994391864067
0.0546875,1,0.90903992603697,0.99994391864067
0.0548828125,1,0.90903992603697,0.99994391864067
0.055078125,1,0.90903992603697,0.99994391864067
0.0552734375,1,0.90903992603697,0.99994391864067
0.05546875,1,0.90903992603697,0.99994391864067
0.0556640625,1,0.90903992603697,0.99994391864067
0.055859375,1,0.90903992603697,0.99994391864067
0.0560546875,1,0.90903992603697,0.99994391864067
0.05625,1,0.90903992603697,0.99994391864067
0.0564453125,1,0.90903992603697,0.99994391864067
0.056640625,1,0.90903992603697,0.99994391864067
0.0568359375,1,0.90903992603697,0.99994391864067
0.05703125,1,0.90903992603697,0.99994391864067
0.0572265625,1,0.90903992603697,0.99994391864067
0.057421875,1,0.90903992603697,0.99994391864067
0.0576171875,1,0.90903992603697,0.99994391864067
0.0578125,1,0.90903992603697,0.99994391864067
0.0580078125,1,0.90903992603697,0.99994391864067
0.058203125,1,0.90903992603697,0.99994391864067
0.0583984375,1,0.90903992603697,0.99994391864067
0.05859375,1,0.90903992603697,0.99994391864067
0.0587890625,1,0.90903992603697,0.99994391864067
0.058984375,1,0.90903992603697,0.99994391864067
0.0591796875,1,0.90903992603697,0.99994391864067
0.059375,1,0.90903992603697,0.99994391864067
0.0595703125,1,0.90903992603697,0.99994391864067
0.059765625,1,0.90903992603697,0.99994391864067
0.0599609375,1,0.90903992603697,0.99994391864067
0.06015625,1,0.90903992603697,0.99994391864067
0.0603515625,1,0.90903992603697,0.99994391864067
0.060546875,1,0.90903992603697,0.99994391864067
0.0607421875,1,0.90903992603697,0.99994391864067
0.0609375,1,0.90903992603697,0.99994391864067
0.0611328125,1,0.90903992603697,0.99994391864067
0.061328125,1,0.90903992603697,0.99994391864067
0.0615234375,1,0.90903992603697,0.99994391864067
0.06171875,1,0.90903992603697,0.99994391864067
0.0619140625,1,0.90903992603697,0.99994391864067
0.062109375,1,0.90903992603697,0.99994391864067
0.0623046875,1,0.90903992603697,0.99994391864067
0.0625,1,0.90903992603697,0.99994391864067
0.0626953125,1,0.90903992603697,0.99994391864067
0.062890625,1,0.90903992603697,0.99994391864067
0.0630859375,1,0.90903992603697,0.99994391864067
0.06328125,1,0.90903992603697,0.99994391864067
0.0634765625,1,0.90903992603697,0.99994391864067
0.063671875,1,0.90903992603697,0.99994391864067
0.0638671875,1,0.90903992603697,0.99994391864067
0.0640625,1,0.90903992603697,0.99994391864067
0.0642578125,1,0.90903992603697,0.99994391864067
0.064453125,1,0.90903992603697,0.99994391864067
0.0646484375,1,0.90903992603697,0.99994391864067
0.06484375,1,0.90903992603697,0.99994391864067
0.0650390625,1,0.90903992603697,0.99994391864067
0.065234375,1,0.90903992603697,0.99994391864067
0.0654296875,1,0.90903992603697,0.99994391864067
0.065625,1,0.90903992603697,0.99994391864067
0.0658203125,1,0.90903992603697,0.99994391864067
0.066015625,1,0.90903992603697,0.99994391864067
0.0662109375,1,0.90903992603697,0.99994391864067
0.06640625,1,0.90903992603697,0.99994391864067
0.0666015625,1,0.90903992603697,0.99994391864067
0.066796875,1,0.90903992603697,0.99994391864067
0.0669921875,1,0.90903992603697,0.99994391864067
0.0671875,1,0.90903992603697,0.99994391864067
0.0673828125,1,0.90903992603697,0.99994391864067
0.067578125,1,0.90903992603697,0.99994391864067
0.0677734375,1,0.90903992603697,0.99994391864067
0.06796875,1,0.90903992603697,0.99994391864067
0.0681640625,1,0.90903992603697,0.99994391864067
0.068359375,1,0.90903992603697,0.99994391864067
0.0685546875,1,0.90903992603697,0.99994391864067
0.06875,1,0.90903992603697,0.99994391864067
0.0689453125,1,0.90903992603697,0.99994391864067
0.069140625,1,0.90903992603697,0.99994391864067
0.0693359375,1,0.90903992603697,0.99994391864067
0.06953125,1,0.90903992603697,0.99994391864067
0.0697265625,1,0.90903992603697,0.99994391864067
0.069921875,1,0.90903992603697,0.99994391864067
0.0701171875,1,0.90903992603697,0.99994391864067
0.0703125,1,0.90903992603697,0.99994391864067
0.0705078125,1,0.90903992603697,0.99994391864067
0.070703125,1,0.90903992603697,0.99994391864067
0.0708984375,1,0.90903992603697,0.99994391864067
0.07109375,1,0.90903992603697,0.99994391864067
0.0712890625,1,0.90903992603697,0.99994391864067
0.071484375,1,0.90903992603697,0.99994391864067
0.0716796875,1,0.90903992603697,0.99994391864067
0.071875,1,0.90903992603697,0.99994391864067
0.0720703125,1,0.90903992603697,0.99994391864067
0.072265625,1,0.90903992603697,0.99994391864067
0.072460937500001,1,0.90903992603697,0.99994391864067
0.072656250000001,1,0.90903992603697,0.99994391864067
0.072851562500001,1,0.90903992603697,0.99994391864067
0.073046875000001,1,0.90903992603697,0.99994391864067
0.073242187500001,1,0.90903992603697,0.99994391864067
0.073437500000001,1,0.90903992603697,0.99994391864067
0.073632812500001,1,0.90903992603697,0.99994391864067
0.073828125000001,1,0.90903992603697,0.99994391864067
0.074023437500001,1,0.90903992603697,0.99994391864067
0.074218750000001,1,0.90903992603697,0.99994391864067
0.074414062500001,1,0.90903992603697,0.99994391864067
0.074609375000001,1,0.90903992603697,0.99994391864067
0.074804687500001,1,0.90903992603697,0.99994391864067
0.075000000000001,1,0.90903992603697,0.99994391864067
0.075195312500001,1,0.90903992603697,0.99994391864067
0.075390625000001,1,0.90903992603697,0.99994391864067
0.075585937500001,1,0.90903992603697,0.99994391864067
0.075781250000001,1,0.90903992603697,0.99994391864067
0.075976562500001,1,0.90903992603697,0.99994391864067
0.076171875000001,1,0.90903992603697,0.99994391864067
0.076367187500001,1,0.90903992603697,0.99994391864067
0.076562500000001,1,0.90903992603697,0.99994391864067
0.076757812500001,1,0.90903992603697,0.99994391864067
0.076953125000001,1,0.90903992603697,0.99994391864067
0.077148437500001,1,0.90903992603697,0.99994391864067
0.077343750000001,1,0.90903992603697,0.99994391864067
0.077539062500001,1,0.90903992603697,0.99994391864067
0.077734375000001,1,0.90903992603697,0.99994391864067
0.077929687500001,1,0.90903992603697,0.99994391864067
0.078125000000001,1,0.90903992603697,0.99994391864067
0.078320312500001,1,0.90903992603697,0.99994391864067
0.078515625000001,1,0.90903992603697,0.99994391864067
0.078710937500001,1,0.90903992603697,0.99994391864067
0.078906250000001,1,0.90903992603697,0.99994391864067
0.079101562500001,1,0.90903992603697,0.99994391864067
0.079296875000001,1,0.90903992603697,0.99994391864067
0.079492187500001,1,0.90903992603697,0.99994391864067
0.079687500000001,1,0.90903992603697,0.99994391864067
0.079882812500001,1,0.90903992603697,0.99994391864067
0.080078125000001,1,0.90903992603697,0.99994391864067
0.080273437500001,1,0.90903992603697,0.99994391864067
0.080468750000001,1,0.90903992603697,0.99994391864067
0.080664062500001,1,0.90903992603697,0.99994391864067
0.080859375000001,1,0.90903992603697,0.99994391864067
0.081054687500001,1,0.90903992603697,0.99994391864067
0.081250000000001,1,0.90903992603697,0.99994391864067
0.081445312500001,1,0.90903992603697,0.99994391864067
0.081640625000001,1,0.90903992603697,0.99994391864067
0.081835937500001,1,0.90903992603697,0.99994391864067
0.082031250000001,1,0.90903992603697,0.99994391864067
0.082226562500001,1,0.90903992603697,0.99994391864067
0.082421875000001,1,0.90903992603697,0.99994391864067
0.082617187500001,1,0.90903992603697,0.99994391864067
0.082812500000001,1,0.90903992603697,0.99994391864067
0.083007812500001,1,0.90903992603697,0.99994391864067
0.083203125000001,1,0.90903992603697,0.99994391864067
0.083398437500001,1,0.90903992603697,0.99994391864067
0.083593750000001,1,0.90903992603697,0.99994391864067
0.083789062500001,1,0.90903992603697,0.99994391864067
0.083984375000001,1,0.90903992603697,0.99994391864067
0.084179687500001,1,0.90903992603697,0.99994391864067
0.084375000000001,1,0.90903992603697,0.99994391864067
0.084570312500001,1,0.90903992603697,0.99994391864067
0.084765625000001,1,0.90903992603697,0.99994391864067
0.084960937500001,1,0.90903992603697,0.99994391864067
0.085156250000001,1,0.90903992603697,0.99994391864067
0.085351562500001,1,0.90903992603697,0.99994391864067
0.085546875000001,1,0.90903992603697,0.99994391864067
0.085742187500001,1,0.90903992603697,0.99994391864067
0.085937500000001,1,0.90903992603697,0.99994391864067
0.086132812500001,1,0.90903992603697,0.99994391864067
0.086328125000001,1,0.90903992603697,0.99994391864067
0.086523437500001,1,0.90903992603697,0.99994391864067
0.086718750000001,1,0.90903992603697,0.99994391864067
0.086914062500001,1,0.90903992603697,0.99994391864067
0.087109375000001,1,0.90903992603697,0.99994391864067
0.087304687500001,1,0.90903992603697,0.99994391864067
0.087500000000001,1,0.90903992603697,0.99994391864067
0.087695312500001,1,0.90903992603697,0.99994391864067
0.087890625000001,1,0.90903992603697,0.99994391864067
0.088085937500001,1,0.90903992603697,0.99994391864067
0.088281250000001,1,0.90903992603697,0.99994391864067
0.088476562500001,1,0.90903992603697,0.99994391864067
0.088671875000001,1,0.90903992603697,0.99994391864067
0.088867187500001,1,0.90903992603697,0.99994391864067
0.089062500000001,1,0.90903992603697,0.99994391864067
0.089257812500001,1,0.90903992603697,0.99994391864067
0.089453125000001,1,0.90903992603697,0.99994391864067
0.089648437500001,1,0.90903992603697,0.99994391864067
0.089843750000001,1,0.90903992603697,0.99994391864067
0.090039062500001,1,0.90903992603697,0.99994391864067
0.090234375000001,1,0.90903992603697,0.99994391864067
0.090429687500001,1,0.90903992603697,0.99994391864067
0.090625000000001,1,0.90903992603697,0.99994391864067
0.090820312500001,1,0.90903992603697,0.99994391864067
0.091015625000001,1,0.90903992603697,0.99994391864067
0.091210937500001,1,0.90903992603697,0.99994391864067
0.091406250000001,1,0.90903992603697,0.99994391864067
0.091601562500001,1,0.90903992603697,0.99994391864067
0.091796875000001,1,0.90903992603697,0.99994391864067
0.091992187500001,1,0.90903992603697,0.99994391864067
0.092187500000001,1,0.90903992603697,0.99994391864067
0.092382812500001,1,0.90903992603697,0.99994391864067
0.092578125000001,1,0.90903992603697,0.99994391864067
0.092773437500001,1,0.90903992603697,0.99994391864067
0.092968750000001,1,0.90903992603697,0.99994391864067
0.093164062500001,1,0.90903992603697,0.99994391864067
0.093359375000001,1,0.90903992603697,0.99994391864067
0.093554687500001,1,0.90903992603697,0.99994391864067
0.093750000000001,1,0.90903992603697,0.99994391864067
0.093945312500001,1,0.90903992603697,0.99994391864067
0.094140625000001,1,0.90903992603697,0.99994391864067
0.094335937500001,1,0.90903992603697,0.99994391864067
0.094531250000001,1,0.90903992603697,0.99994391864067
0.094726562500001,1,0.90903992603697,0.99994391864067
0.094921875000001,1,0.90903992603697,0.99994391864067
0.095117187500001,1,0.90903992603697,0.99994391864067
0.095312500000001,1,0.90903992603697,0.99994391864067
0.095507812500001,1,0.90903992603697,0.99994391864067
0.095703125000001,1,0.90903992603697,0.99994391864067
0.095898437500001,1,0.90903992603697,0.99994391864067
0.096093750000001,1,0.90903992603697,0.99994391864067
0.096289062500001,1,0.90903992603697,0.99994391864067
0.096484375000001,1,0.90903992603697,0.99994391864067
0.096679687500001,1,0.90903992603697,0.99994391864067
0.096875000000001,1,0.90903992603697,0.99994391864067
0.097070312500001,1,0.90903992603697,0.99994391864067
0.097265625000001,1,0.90903992603697,0.99994391864067
0.097460937500001,1,0.90903992603697,0.99994391864067
0.097656250000001,1,0.90903992603697,0.99994391864067
0.097851562500001,1,0.90903992603697,0.99994391864067
0.098046875000001,1,0.90903992603697,0.99994391864067
0.098242187500001,1,0.90903992603697,0.99994391864067
0.098437500000001,1,0.90903992603697,0.99994391864067
0.098632812500001,1,0.90903992603697,0.99994391864067
0.098828125000001,1,0.90903992603697,0.99994391864067
0.099023437500001,1,0.90903992603697,0.99994391864067
0.099218750000001,1,0.90903992603697,0.99994391864067
0.099414062500001,1,0.90903992603697,0.99994391864067
0.099609375000001,1,0.90903992603697,0.99994391864067
0.099804687500001,1,0.90903992603697,0.99994391864067
0.1,1,0.90903992603697,0.99994391864067
0.1001953125,1,0.90903994669925,0.99994394136917
0.100390625,1.0000000110194,0.90903996798365,0.99994396478202
0.1005859375,1.0000000440555,0.90903998988982,0.99994398887881
0.10078125,1.0000000990802,0.90904001241736,0.9999440136591
0.1009765625,1.0000002749834,0.9090400155503,0.99994401710533
0.101171875,1.0000003958069,0.90904001932889,0.99994402126178
0.1013671875,1.0000005385087,0.90904002375263,0.99994402612789
0.1015625,1.0000007030615,0.909040028821,0.9999440317031
0.1017578125,1.0000008894385,0.90904003453351,0.99994403798686
0.101953125,1.0000010976128,0.90904004088966,0.99994404497862
0.1021484375,1.000001327558,0.90904004788897,0.99994405267787
0.10234375,1.0000015792475,0.90904005553099,0.99994406108409
0.1025390625,1.0000018526551,0.90904006381524,0.99994407019677
0.102734375,1.0000021477549,0.90904007274129,0.99994408001542
0.1029296875,1.000002464521,0.90904008230869,0.99994409053956
0.103125,1.0000028029276,0.90904009251702,0.99994410176872
0.1033203125,1.0000031629493,0.90904010336585,0.99994411370244
0.103515625,1.0000035445608,0.90904011485479,0.99994412634027
0.1037109375,1.000003947737,0.90904012698344,0.99994413968178
0.10390625,1.0000043724528,0.9090401397514,0.99994415372654
0.1041015625,1.0000048186835,0.9090401531583,0.99994416847413
0.104296875,1.0000052864045,0.90904016720377,0.99994418392415
0.1044921875,1.0000057755934,0.90904018188746,0.99994420007621
0.1046875,1.000006286224,0.90904019720901,0.99994421692992
0.1048828125,1.0000068182721,0.9090402131681,0.99994423448491
0.105078125,1.0000073717138,0.90904022976438,0.99994425274082
0.1052734375,1.0000079465253,0.90904024699754,0.9999442716973
0.10546875,1.0000085426831,0.90904026486728,0.99994429135401
0.1056640625,1.0000091601637,0.90904028337329,0.99994431171061
0.105859375,1.0000097989439,0.90904030251528,0.99994433276681
0.1060546875,1.0000104590007,0.90904032229297,0.99994435452227
0.10625,1.0000111403111,0.9090403427061,0.99994437697671
0.1064453125,1.0000118428533,0.9090403637544,0.99994440012984
0.106640625,1.0000125666052,0.90904038543761,0.99994442398137
0.1068359375,1.0000133115432,0.90904040775551,0.99994444853106
0.10703125,1.0000140776449,0.90904043070784,0.99994447377863
0.1072265625,1.0000148648883,0.9090404542944,0.99994449972384
0.107421875,1.0000156732515,0.90904047851497,0.99994452636647
0.1076171875,1.0000165027128,0.90904050336934,0.99994455370627
0.1078125,1.0000173532527,0.90904052885731,0.99994458174304
0.1080078125,1.0000182248478,0.9090405549787,0.99994461047657
0.108203125,1.0000191174766,0.90904058173334,0.99994463990667
0.1083984375,1.0000200311182,0.90904060912105,0.99994467003316
0.10859375,1.0000209657523,0.90904063714168,0.99994470085585
0.1087890625,1.000021921359,0.90904066579507,0.99994473237458
0.108984375,1.0000228979162,0.90904069508109,0.9999447645892
0.1091796875,1.000023895404,0.9090407249996,0.99994479749956
0.109375,1.0000249138018,0.90904075555049,0.99994483110554
0.1095703125,1.0000259530905,0.90904078673363,0.99994486540699
0.109765625,1.0000270132488,0.90904081854893,0.99994490040382
0.1099609375,1.0000280942571,0.90904085099628,0.99994493609591
0.11015625,1.0000291960976,0.9090408840756,0.99994497248316
0.1103515625,1.0000303187487,0.90904091778682,0.9999450095655
0.110546875,1.0000314621914,0.90904095212986,0.99994504734285
0.1107421875,1.0000326264081,0.90904098710466,0.99994508581513
0.1109375,1.0000338113779,0.90904102271118,0.9999451249823
0.1111328125,1.0000350170828,0.90904105894936,0.9999451648443
0.111328125,1.0000362435044,0.90904109581918,0.9999452054011
0.1115234375,1.0000374906229,0.90904113332061,0.99994524665267
0.11171875,1.0000387584219,0.90904117145363,0.99994528859899
0.1119140625,1.0000400468811,0.90904121021823,0.99994533124005
0.112109375,1.0000413559839,0.90904124961442,0.99994537457586
0.1123046875,1.0000426857113,0.9090412896422,0.99994541860642
0.1125,1.0000440360463,0.90904133030159,0.99994546333175
0.1126953125,1.0000454069706,0.90904137159262,0.99994550875188
0.112890625,1.0000467984673,0.90904141351532,0.99994555486685
0.1130859375,1.0000482105184,0.90904145606973,0.9999456016767
0.11328125,1.0000496431074,0.90904149925591,0.9999456491815
0.1134765625,1.0000510962163,0.90904154307391,0.9999456973813
0.113671875,1.0000525698296,0.90904158752381,0.99994574627619
0.1138671875,1.0000540639291,0.90904163260567,0.99994579586624
0.1140625,1.0000555784989,0.90904167831959,0.99994584615155
0.1142578125,1.0000571135226,0.90904172466565,0.99994589713222
0.114453125,1.0000586689832,0.90904177164396,0.99994594880836
0.1146484375,1.0000602448653,0.90904181925463,0.9999460011801
0.11484375,1.0000618411526,0.90904186749778,0.99994605424755
0.1150390625,1.0000634578288,0.90904191637352,0.99994610801087
0.115234375,1.0000650948785,0.909041965882,0.9999461624702
0.1154296875,1.0000667522864,0.90904201602335,0.99994621762568
0.115625,1.0000684300364,0.90904206679773,0.9999462734775
0.1158203125,1.0000701281132,0.90904211820529,0.99994633002582
0.116015625,1.0000718465018,0.9090421702462,0.99994638727082
0.1162109375,1.0000735851875,0.90904222292063,0.9999464452127
0.11640625,1.000075344155,0.90904227622877,0.99994650385165
0.1166015625,1.0000771233895,0.90904233017081,0.99994656318789
0.116796875,1.0000789228763,0.90904238474694,0.99994662322163
0.1169921875,1.0000807426009,0.90904243995736,0.9999466839531
0.1171875,1.0000825825491,0.9090424958023,0.99994674538253
0.1173828125,1.0000844427066,0.90904255228198,0.99994680751017
0.117578125,1.0000863230593,0.90904260939661,0.99994687033627
0.1177734375,1.0000882235932,0.90904266714645,0.99994693386109
0.11796875,1.0000901442946,0.90904272553172,0.9999469980849
0.1181640625,1.0000920851497,0.9090427845527,0.99994706300797
0.118359375,1.0000940461449,0.90904284420963,0.99994712863059
0.1185546875,1.0000960272669,0.90904290450279,0.99994719495307
0.11875,1.0000980285023,0.90904296543244,0.99994726197569
0.1189453125,1.0001000498379,0.90904302699888,0.99994732969877
0.119140625,1.0001020912608,0.90904308920239,0.99994739812263
0.1193359375,1.000104152758,0.90904315204327,0.9999474672476
0.11953125,1.0001062343169,0.90904321552183,0.99994753707402
0.1197265625,1.0001083359249,0.90904327963838,0.99994760760222
0.119921875,1.0001104575692,0.90904334439324,0.99994767883257
0.1201171875,1.0001125992376,0.90904340978674,0.99994775076542
0.1203125,1.0001147609178,0.90904347581921,0.99994782340114
0.1205078125,1.0001147609178,0.90904356318907,0.99994791950798
0.120703125,1.0001191442657,0.90904363047384,0.99994799352122
0.1208984375,1.0001213659093,0.90904369839867,0.99994806823853
0.12109375,1.0001236075172,0.90904376696392,0.99994814366031
0.1212890625,1.0001258690775,0.90904383616997,0.99994821978696
0.121484375,1.0001281505792,0.90904390601719,0.99994829661891
0.1216796875,1.0001304520104,0.90904397650598,0.99994837415658
0.121875,1.0001327733602,0.90904404763673,0.9999484524004
0.1220703125,1.0001351146174,0.90904411940984,0.99994853135082
0.122265625,1.0001374757712,0.90904419182571,0.99994861100829
0.1224609375,1.0001398568103,0.90904426488478,0.99994869137326
0.12265625,1.0001422577247,0.90904433858745,0.9999487724462
0.1228515625,1.0001446785031,0.90904441293416,0.99994885422758
0.123046875,1.0001471191354,0.90904448792535,0.99994893671788
0.1232421875,1.0001495796112,0.90904456356145,0.9999490199176
0.1234375,1.0001520599202,0.90904463984293,0.99994910382722
0.1236328125,1.0001545600522,0.90904471677023,0.99994918844726
0.123828125,1.0001570799975,0.90904479434383,0.99994927377821
0.1240234375,1.0001596197461,0.90904487256419,0.99994935982061
0.12421875,1.0001621792881,0.9090449514318,0.99994944657498
0.1244140625,1.0001647586141,0.90904503094713,0.99994953404184
0.124609375,1.0001673577144,0.90904511111069,0.99994962222176
0.1248046875,1.0001699765797,0.90904519192297,0.99994971111527
0.125,1.0001726152008,0.90904527338448,0.99994980072293
0.1251953125,1.0001752735685,0.90904535549573,0.9999498910453
0.125390625,1.0001779516738,0.90904543825724,0.99994998208296
0.1255859375,1.0001806495077,0.90904552166954,0.9999500738365
0.12578125,1.0001833670615,0.90904560573316,0.99995016630648
0.1259765625,1.0001861043265,0.90904569044865,0.99995025949352
0.126171875,1.0001888612941,0.90904577581655,0.9999503533982
0.1263671875,1.0001916379559,0.9090458618374,0.99995044802114
0.1265625,1.0001944343036,0.90904594851179,0.99995054336297
0.1267578125,1.0001972503288,0.90904603584026,0.99995063942428
0.126953125,1.0002000860236,0.9090461238234,0.99995073620574
0.1271484375,1.0002029413801,0.90904621246178,0.99995083370795
0.12734375,1.0002058163902,0.90904630175599,0.99995093193159
0.1275390625,1.0002087110461,0.90904639170663,0.99995103087729
0.127734375,1.0002116253405,0.90904648231429,0.99995113054572
0.1279296875,1.0002145592656,0.90904657357958,0.99995123093754
0.128125,1.0002175128141,0.90904666550311,0.99995133205343
0.1283203125,1.0002204859786,0.90904675808551,0.99995143389406
0.128515625,1.0002234787519,0.9090468513274,0.99995153646014
0.1287109375,1.000226491127,0.90904694522942,0.99995163975236
0.12890625,1.000229523097,0.90904703979219,0.99995174377141
0.1291015625,1.0002325746548,0.90904713501637,0.99995184851801
0.129296875,1.000235645794,0.90904723090261,0.99995195399287
0.1294921875,1.0002387365077,0.90904732745156,0.99995206019672
0.1296875,1.0002418467893,0.90904742466389,0.99995216713028
0.1298828125,1.0002449766327,0.90904752254027,0.9999522747943
0.130078125,1.0002481260313,0.90904762108138,0.99995238318952
0.1302734375,1.0002512949791,0.90904772028789,0.99995249231668
0.13046875,1.0002544834698,0.9090478201605,0.99995260217655
0.1306640625,1.0002576914976,0.9090479206999,0.9999527127699
0.130859375,1.0002609190566,0.9090480219068,0.99995282409748
0.1310546875,1.0002641661409,0.90904812378189,0.99995293616008
0.13125,1.000267432745,0.9090482263259,0.99995304895849
0.1314453125,1.0002707188632,0.90904832953954,0.99995316249349
0.131640625,1.0002740244902,0.90904843342354,0.99995327676589
0.1318359375,1.0002773496205,0.90904853797862,0.99995339177649
0.13203125,1.0002806942489,0.90904864320554,0.99995350752609
0.1322265625,1.0002840583703,0.90904874910503,0.99995362401553
0.132421875,1.0002874419796,0.90904885567784,0.99995374124562
0.1326171875,1.0002908450721,0.90904896292472,0.99995385921719
0.1328125,1.0002942676428,0.90904907084645,0.99995397793109
0.1330078125,1.0002977096868,0.90904917944379,0.99995409738816
0.133203125,1.0003011711999,0.9090492887175,0.99995421758925
0.1333984375,1.0003046521772,0.90904939866838,0.99995433853522
0.13359375,1.0003081526145,0.90904950929721,0.99995446022693
0.1337890625,1.0003116725075,0.90904962060477,0.99995458266525
0.133984375,1.0003152118519,0.90904973259187,0.99995470585106
0.1341796875,1.0003187706435,0.90904984525931,0.99995482978524
0.134375,1.0003223488786,0.90904995860789,0.99995495446868
0.1345703125,1.000325946553,0.90905007263844,0.99995507990228
0.134765625,1.0003295636631,0.90905018735176,0.99995520608693
0.1349609375,1.0003332002051,0.90905030274869,0.99995533302356
0.13515625,1.0003368561754,0.90905041883006,0.99995546071306
0.1353515625,1.0003405315705,0.9090505355967,0.99995558915637
0.135546875,1.000344226387,0.90905065304946,0.99995571835441
0.1357421875,1.0003479406216,0.90905077118919,0.99995584830811
0.1359375,1.000351674271,0.90905089001674,0.99995597901841
0.1361328125,1.0003554273323,0.90905100953297,0.99995611048626
0.136328125,1.0003591998023,0.90905112973874,0.99995624271262
0.1365234375,1.0003629916782,0.90905125063494,0.99995637569844
0.13671875,1.0003668029571,0.90905137222243,0.99995650944468
0.1369140625,1.0003706336364,0.9090514945021,0.99995664395232
0.137109375,1.0003744837132,0.90905161747484,0.99995677922232
0.1373046875,1.0003783531853,0.90905174114153,0.99995691525569
0.1375,1.0003822420501,0.90905186550308,0.99995705205339
0.1376953125,1.0003861503053,0.90905199056039,0.99995718961643
0.137890625,1.0003900779486,0.90905211631437,0.99995732794581
0.1380859375,1.000394024978,0.90905224276594,0.99995746704253
0.13828125,1.0003979913912,0.90905236991601,0.99995760690761
0.1384765625,1.0004019771865,0.90905249776551,0.99995774754206
0.138671875,1.0004059823619,0.90905262631537,0.99995788894691
0.1388671875,1.0004100069156,0.90905275556653,0.99995803112318
0.1390625,1.0004140508461,0.90905288551993,0.99995817407192
0.1392578125,1.0004181141516,0.90905301617651,0.99995831779416
0.139453125,1.0004221968307,0.90905314753724,0.99995846229096
0.1396484375,1.0004262988821,0.90905327960307,0.99995860756337
0.13984375,1.0004304203043,0.90905341237495,0.99995875361245
0.1400390625,1.0004345610963,0.90905354585387,0.99995890043925
0.140234375,1.0004387212567,0.90905368004078,0.99995904804486
0.1404296875,1.0004429007847,0.90905381493667,0.99995919643034
0.140625,1.0004470996793,0.90905395054253,0.99995934559678
0.1408203125,1.0004513179396,0.90905408685934,0.99995949554527
0.141015625,1.0004555555649,0.90905422388809,0.9999596462769
0.1412109375,1.0004598125545,0.90905436162979,0.99995979779277
0.14140625,1.0004640889077,0.90905450008544,0.99995995009398
0.1416015625,1.0004683846243,0.90905463925604,0.99996010318164
0.141796875,1.0004726997036,0.90905477914262,0.99996025705688
0.1419921875,1.0004770341455,0.90905491974618,0.9999604117208
0.1421875,1.0004813879496,0.90905506106777,0.99996056717455
0.1423828125,1.0004857611159,0.9090552031084,0.99996072341924
0.142578125,1.0004901536443,0.90905534586911,0.99996088045602
0.1427734375,1.0004945655347,0.90905548935094,0.99996103828603
0.14296875,1.0004989967875,0.90905563355493,0.99996119691042
0.1431640625,1.0005034474027,0.90905577848213,0.99996135633034
0.143359375,1.0005079173807,0.9090559241336,0.99996151654696
0.1435546875,1.0005124067218,0.90905607051039,0.99996167756142
0.14375,1.0005169154266,0.90905621761356,0.99996183937492
0.1439453125,1.0005214434955,0.9090563654442,0.99996200198862
0.144140625,1.0005259909293,0.90905651400337,0.9999621654037
0.1443359375,1.0005305577286,0.90905666329214,0.99996232962136
0.14453125,1.0005351438943,0.90905681331161,0.99996249464277
0.1447265625,1.0005397494272,0.90905696406286,0.99996266046915
0.144921875,1.0005443743283,0.90905711554698,0.99996282710168
0.1451171875,1.0005490185988,0.90905726776507,0.99996299454158
0.1453125,1.0005536822397,0.90905742071823,0.99996316279006
0.1455078125,1.0005583652524,0.90905757440757,0.99996333184833
0.145703125,1.000563067638,0.9090577288342,0.99996350171762
0.1458984375,1.0005677893981,0.90905788399924,0.99996367239916
0.14609375,1.000572530534,0.90905803990381,0.99996384389419
0.1462890625,1.0005772910474,0.90905819654903,0.99996401620393
0.146484375,1.0005820709399,0.90905835393603,0.99996418932963
0.1466796875,1.0005868702132,0.90905851206595,0.99996436327255
0.146875,1.0005916888692,0.90905867093993,0.99996453803392
0.1470703125,1.0005965269098,0.90905883055911,0.99996471361502
0.147265625,1.0006013843368,0.90905899092464,0.99996489001711
0.1474609375,1.0006062611524,0.90905915203768,0.99996506724144
0.14765625,1.0006111573588,0.90905931389937,0.99996524528931
0.1478515625,1.000616072958,0.90905947651089,0.99996542416198
0.148046875,1.0006210079525,0.9090596398734,0.99996560386074
0.1482421875,1.0006259623446,0.90905980398807,0.99996578438688
0.1484375,1.0006309361367,0.90905996885608,0.99996596574168
0.1486328125,1.0006359293314,0.9090601344786,0.99996614792646
0.148828125,1.0006409419313,0.90906030085683,0.99996633094251
0.1490234375,1.0006459739391,0.90906046799194,0.99996651479114
0.14921875,1.0006510253576,0.90906063588514,0.99996669947365
0.1494140625,1.0006560961896,0.90906080453762,0.99996688499138
0.149609375,1.0006611864381,0.90906097395058,0.99996707134564
0.1498046875,1.000666296106,0.90906114412523,0.99996725853776
0.15,1.0006714251965,0.90906131506279,0.99996744656907
0.1501953125,1.0006765737126,0.90906148676446,0.9999676354409
0.150390625,1.0006817416577,0.90906165923146,0.99996782515461
0.1505859375,1.000686929035,0.90906183246503,0.99996801571153
0.15078125,1.000692135848,0.90906200646637,0.99996820711301
0.1509765625,1.0006973621001,0.90906218123674,0.99996839936041
0.151171875,1.0007026077948,0.90906235677736,0.9999685924551
0.1513671875,1.0007078729358,0.90906253308948,0.99996878639843
0.1515625,1.0007131575268,0.90906271017434,0.99996898119177
0.1517578125,1.0007184615716,0.90906288803319,0.99996917683651
0.151953125,1.0007237850739,0.90906306666728,0.99996937333401
0.1521484375,1.0007291280378,0.90906324607787,0.99996957068566
0.15234375,1.0007344904671,0.90906342626622,0.99996976889284
0.1525390625,1.000739872366,0.9090636072336,0.99996996795696
0.152734375,1.0007452737387,0.90906378898128,0.9999701678794
0.1529296875,1.0007506945892,0.90906397151052,0.99997036866157
0.153125,1.000756134922,0.90906415482262,0.99997057030488
0.1533203125,1.0007615947414,0.90906433891885,0.99997077281073
0.153515625,1.0007670740518,0.90906452380049,0.99997097618054
0.1537109375,1.0007725728578,0.90906470946884,0.99997118041572
0.15390625,1.0007780911639,0.90906489592519,0.99997138551771
0.1541015625,1.0007836289747,0.90906508317084,0.99997159148792
0.154296875,1.0007891862951,0.90906527120709,0.99997179832779
0.1544921875,1.0007947631298,0.90906546003524,0.99997200603877
0.1546875,1.0008003594837,0.90906564965662,0.99997221462228
0.1548828125,1.0008059753617,0.90906584007252,0.99997242407978
0.155078125,1.0008116107688,0.90906603128428,0.9999726344127
0.1552734375,1.0008172657101,0.9090662232932,0.99997284562252
0.15546875,1.0008229401909,0.90906641610062,0.99997305771068
0.1556640625,1.0008286342162,0.90906660970786,0.99997327067865
0.155859375,1.0008343477915,0.90906680411627,0.9999734845279
0.1560546875,1.000840080922,0.90906699932717,0.99997369925989
0.15625,1.0008458336133,0.90906719534191,0.9999739148761
0.1564453125,1.0008516058707,0.90906739216183,0.99997413137801
0.156640625,1.0008573977,0.90906758978828,0.99997434876711
0.1568359375,1.0008632091067,0.90906778822262,0.99997456704488
0.15703125,1.0008690400965,0.90906798746619,0.99997478621281
0.1572265625,1.0008748906753,0.90906818752037,0.99997500627241
0.157421875,1.000880760849,0.90906838838651,0.99997522722516
0.1576171875,1.0008866506233,0.90906859006598,0.99997544907258
0.1578125,1.0008925600043,0.90906879256016,0.99997567181617
0.1580078125,1.0008984889981,0.90906899587041,0.99997589545745
0.158203125,1.0009044376108,0.90906919999812,0.99997611999793
0.1583984375,1.0009104058486,0.90906940494467,0.99997634543913
0.15859375,1.0009163937177,0.90906961071144,0.99997657178258
0.1587890625,1.0009224012245,0.90906981729983,0.99997679902981
0.158984375,1.0009284283753,0.90907002471122,0.99997702718234
0.1591796875,1.0009344751767,0.90907023294702,0.99997725624172
0.159375,1.0009405416351,0.90907044200863,0.99997748620949
0.1595703125,1.0009466277572,0.90907065189744,0.99997771708719
0.159765625,1.0009527335496,0.90907086261488,0.99997794887636
0.1599609375,1.000958859019,0.90907107416234,0.99997818157857
0.16015625,1.0009650041722,0.90907128654124,0.99997841519537
0.1603515625,1.0009711690161,0.90907149975301,0.99997864972831
0.160546875,1.0009773535576,0.90907171379906,0.99997888517896
0.1607421875,1.0009835578037,0.90907192868082,0.9999791215489
0.1609375,1.0009897817614,0.90907214439972,0.99997935883969
0.1611328125,1.0009960254378,0.90907236095718,0.9999795970529
0.161328125,1.0010022888402,0.90907257835466,0.99997983619012
0.1615234375,1.0010085719758,0.90907279659358,0.99998007625293
0.16171875,1.0010148748518,0.90907301567538,0.99998031724292
0.1619140625,1.0010211974758,0.90907323560153,0.99998055916168
0.162109375,1.0010275398549,0.90907345637345,0.9999808020108
0.1623046875,1.0010339019969,0.90907367799262,0.99998104579188
0.1625,1.0010402839092,0.90907390046047,0.99998129050652
0.1626953125,1.0010466855995,0.90907412377848,0.99998153615633
0.162890625,1.0010531070755,0.90907434794811,0.99998178274292
0.1630859375,1.0010595483448,0.90907457297082,0.9999820302679
0.16328125,1.0010660094154,0.90907479884808,0.99998227873289
0.1634765625,1.0010724902951,0.90907502558137,0.99998252813951
0.163671875,1.0010789909919,0.90907525317216,0.99998277848938
0.1638671875,1.0010855115136,0.90907548162193,0.99998302978412
0.1640625,1.0010920518684,0.90907571093217,0.99998328202539
0.1642578125,1.0010986120645,0.90907594110436,0.99998353521479
0.164453125,1.0011051921099,0.90907617213998,0.99998378935398
0.1646484375,1.001111792013,0.90907640404054,0.9999840444446
0.16484375,1.0011184117821,0.90907663680754,0.99998430048829
0.1650390625,1.0011250514254,0.90907687044246,0.9999845574867
0.165234375,1.0011317109515,0.90907710494681,0.99998481544149
0.1654296875,1.0011383903688,0.90907734032209,0.9999850743543
0.165625,1.0011450896858,0.90907757656982,0.99998533422681
0.1658203125,1.0011518089112,0.90907781369151,0.99998559506066
0.166015625,1.0011585480537,0.90907805168868,0.99998585685754
0.1662109375,1.0011653071219,0.90907829056283,0.99998611961911
0.16640625,1.0011720861247,0.90907853031549,0.99998638334704
0.1666015625,1.0011788850708,0.90907877094819,0.99998664804301
0.166796875,1.0011857039692,0.90907901246246,0.9999869137087
0.1669921875,1.0011925428289,0.90907925485982,0.9999871803458
0.1671875,1.0011994016588,0.9090794981418,0.99998744795598
0.1673828125,1.001206280468,0.90907974230995,0.99998771654095
0.167578125,1.0012131792658,0.90907998736581,0.99998798610239
0.1677734375,1.0012200980612,0.90908023331092,0.99998825664201
0.16796875,1.0012270368635,0.90908048014682,0.9999885281615
0.1681640625,1.001233995682,0.90908072787506,0.99998880066256
0.168359375,1.0012409745262,0.90908097649719,0.99998907414691
0.1685546875,1.0012479734054,0.90908122601478,0.99998934861626
0.16875,1.001254992329,0.90908147642937,0.99998962407231
0.1689453125,1.0012620313067,0.90908172774253,0.99998990051679
0.169140625,1.001269090348,0.90908197995583,0.99999017795141
0.1693359375,1.0012761694627,0.90908223307082,0.9999904563779
0.16953125,1.0012832686603,0.90908248708908,0.99999073579799
0.1697265625,1.0012903879506,0.90908274201218,0.9999910162134
0.169921875,1.0012975273435,0.9090829978417,0.99999129762587
0.1701171875,1.0013046868489,0.90908325457921,0.99999158003713
0.1703125,1.0013118664766,0.9090835122263,0.99999186344893
0.1705078125,1.0013190662367,0.90908377078455,0.99999214786301
0.170703125,1.0013262861392,0.90908403025555,0.9999924332811
0.1708984375,1.0013335261942,0.90908429064088,0.99999271970497
0.17109375,1.0013407864119,0.90908455194215,0.99999300713636
0.1712890625,1.0013480668024,0.90908481416094,0.99999329557703
0.171484375,1.001355367376,0.90908507729885,0.99999358502873
0.1716796875,1.0013626881431,0.90908534135749,0.99999387549323
0.171875,1.0013700291139,0.90908560633845,0.9999941669723
0.1720703125,1.0013773902991,0.90908587224335,0.99999445946769
0.172265625,1.0013847717089,0.9090861390738,0.99999475298118
0.1724609375,1.0013921733539,0.9090864068314,0.99999504751454
0.17265625,1.0013995952448,0.90908667551777,0.99999534306955
0.1728515625,1.0014070373922,0.90908694513454,0.99999563964799
0.173046875,1.0014144998067,0.90908721568331,0.99999593725164
0.1732421875,1.001421982499,0.90908748716572,0.99999623588229
0.1734375,1.0014294854801,0.90908775958338,0.99999653554172
0.1736328125,1.0014370087608,0.90908803293793,0.99999683623173
0.173828125,1.0014445523519,0.909088307231,0.9999971379541
0.1740234375,1.0014521162644,0.90908858246422,0.99999744071065
0.17421875,1.0014597005093,0.90908885863923,0.99999774450316
0.1744140625,1.0014673050977,0.90908913575767,0.99999804933344
0.174609375,1.0014749300408,0.90908941382117,0.99999835520329
0.1748046875,1.0014825753495,0.90908969283139,0.99999866211453
0.175,1.0014902410353,0.90908997278997,0.99999897006897
0.1751953125,1.0014902410353,0.90909028110208,0.99999930921229
0.175390625,1.0015056335828,0.90909056292694,0.99999961921963
0.1755859375,1.0015133604673,0.90909084570516,0.99999993027567
0.17578125,1.0015211077741,0.9090911294384,1.0000002423822
0.1759765625,1.0015288755148,0.90909141412832,1.0000005555411
0.176171875,1.0015366637008,0.90909169977658,1.0000008697542
0.1763671875,1.0015444723438,0.90909198638484,1.0000011850233
0.1765625,1.0015523014553,0.90909227395478,1.0000015013503
0.1767578125,1.001560151047,0.90909256248807,1.0000018187369
0.176953125,1.0015680211307,0.90909285198637,1.000002137185
0.1771484375,1.0015759117181,0.90909314245136,1.0000024566965
0.17734375,1.001583822821,0.90909343388472,1.0000027772732
0.1775390625,1.0015917544514,0.90909372628813,1.0000030989169
0.177734375,1.0015997066211,0.90909401966326,1.0000034216296
0.1779296875,1.0016076793421,0.90909431401182,1.000003745413
0.178125,1.0016156726265,0.90909460933547,1.000004070269
0.1783203125,1.0016236864863,0.90909490563591,1.0000043961995
0.178515625,1.0016317209337,0.90909520291484,1.0000047232063
0.1787109375,1.0016397759807,0.90909550117394,1.0000050512913
0.17890625,1.0016478516397,0.90909580041491,1.0000053804564
0.1791015625,1.0016559479228,0.90909610063946,1.0000057107034
0.179296875,1.0016640648424,0.90909640184928,1.0000060420342
0.1794921875,1.001672202411,0.90909670404608,1.0000063744507
0.1796875,1.0016803606408,0.90909700723157,1.0000067079547
0.1798828125,1.0016885395443,0.90909731140744,1.0000070425482
0.180078125,1.0016967391341,0.90909761657542,1.000007378233
0.1802734375,1.0017049594227,0.90909792273722,1.0000077150109
0.18046875,1.0017132004226,0.90909822989454,1.000008052884
0.1806640625,1.0017214621466,0.90909853804912,1.000008391854
0.180859375,1.0017297446074,0.90909884720266,1.0000087319229
0.1810546875,1.0017380478177,0.9090991573569,1.0000090730926
0.18125,1.0017463717902,0.90909946851355,1.0000094153649
0.1814453125,1.0017547165378,0.90909978067434,1.0000097587418
0.181640625,1.0017630820735,0.909100093841,1.0000101032251
0.1818359375,1.00177146841,0.90910040801527,1.0000104488168
0.18203125,1.0017798755605,0.90910072319887,1.0000107955188
0.1822265625,1.0017883035379,0.90910103939355,1.0000111433329
0.182421875,1.0017967523553,0.90910135660103,1.0000114922611
0.1826171875,1.0018052220258,0.90910167482307,1.0000118423054
0.1828125,1.0018137125626,0.9091019940614,1.0000121934675
0.1830078125,1.0018222239788,0.90910231431776,1.0000125457495
0.183203125,1.0018307562878,0.90910263559391,1.0000128991533
0.1833984375,1.0018393095028,0.90910295789158,1.0000132536807
0.18359375,1.0018478836372,0.90910328121254,1.0000136093338
0.1837890625,1.0018564787043,0.90910360555854,1.0000139661144
0.183984375,1.0018650947176,0.90910393093133,1.0000143240245
0.1841796875,1.0018737316906,0.90910425733267,1.0000146830659
0.184375,1.0018823896367,0.90910458476431,1.0000150432407
0.1845703125,1.0018910685697,0.90910491322802,1.0000154045508
0.184765625,1.0018997685029,0.90910524272557,1.0000157669981
0.1849609375,1.0019084894502,0.90910557325872,1.0000161305846
0.18515625,1.0019172314252,0.90910590482923,1.0000164953122
0.1853515625,1.0019259944417,0.90910623743888,1.0000168611828
0.185546875,1.0019347785134,0.90910657108943,1.0000172281984
0.1857421875,1.0019435836542,0.90910690578267,1.0000175963609
0.1859375,1.0019524098779,0.90910724152037,1.0000179656724
0.1861328125,1.0019612571986,0.9091075783043,1.0000183361347
0.186328125,1.00197012563,0.90910791613625,1.0000187077499
0.1865234375,1.0019790151863,0.90910825501799,1.0000190805198
0.18671875,1.0019879258814,0.90910859495132,1.0000194544465
0.1869140625,1.0019968577296,0.90910893593802,1.0000198295318
0.187109375,1.0020058107448,0.90910927797987,1.0000202057779
0.1873046875,1.0020147849414,0.90910962107866,1.0000205831865
0.1875,1.0020237803334,0.9091099652362,1.0000209617598
0.1876953125,1.0020327969353,0.90911031045427,1.0000213414997
0.187890625,1.0020418347611,0.90911065673466,1.0000217224081
0.1880859375,1.0020508938255,0.90911100407918,1.0000221044871
0.18828125,1.0020599741426,0.90911135248962,1.0000224877386
0.1884765625,1.0020690757269,0.90911170196779,1.0000228721646
0.188671875,1.002078198593,0.90911205251549,1.000023257767
0.1888671875,1.0020873427553,0.90911240413453,1.000023644548
0.1890625,1.0020965082284,0.90911275682671,1.0000240325094
0.1892578125,1.0021056950269,0.90911311059384,1.0000244216532
0.189453125,1.0021149031653,0.90911346543773,1.0000248119815
0.1896484375,1.0021241326585,0.9091138213602,1.0000252034962
0.18984375,1.0021333835211,0.90911417836305,1.0000255961994
0.1900390625,1.0021426557679,0.90911453644812,1.0000259900929
0.190234375,1.0021519494137,0.90911489561721,1.0000263851789
0.1904296875,1.0021612644733,0.90911525587214,1.0000267814594
0.190625,1.0021706009616,0.90911561721475,1.0000271789362
0.1908203125,1.0021799588936,0.90911597964684,1.0000275776115
0.191015625,1.0021893382842,0.90911634317025,1.0000279774873
0.1912109375,1.0021987391484,0.90911670778681,1.0000283785655
0.19140625,1.0022081615013,0.90911707349833,1.0000287808482
0.1916015625,1.0022176053579,0.90911744030667,1.0000291843373
0.191796875,1.0022270707334,0.90911780821364,1.000029589035
0.1919921875,1.0022365576429,0.90911817722108,1.0000299949432
0.1921875,1.0022460661017,0.90911854733083,1.0000304020639
0.1923828125,1.002255596125,0.90911891854473,1.0000308103992
0.192578125,1.002265147728,0.90911929086462,1.0000312199511
0.1927734375,1.0022747209262,0.90911966429233,1.0000316307216
0.19296875,1.0022843157349,0.90912003882971,1.0000320427127
0.1931640625,1.0022939321694,0.90912041447861,1.0000324559265
0.193359375,1.0023035702453,0.90912079124087,1.000032870365
0.1935546875,1.0023132299779,0.90912116911835,1.0000332860302
0.19375,1.0023229113829,0.90912154811288,1.0000337029242
0.1939453125,1.0023326144757,0.90912192822632,1.000034121049
0.194140625,1.0023423392721,0.90912230946054,1.0000345404066
0.1943359375,1.0023520857875,0.90912269181737,1.0000349609991
0.19453125,1.0023618540378,0.90912307529868,1.0000353828285
0.1947265625,1.0023716440386,0.90912345990633,1.000035805897
0.194921875,1.0023814558056,0.90912384564217,1.0000362302064
0.1951171875,1.0023912893547,0.90912423250807,1.0000366557589
0.1953125,1.0024011447016,0.90912462050589,1.0000370825565
0.1955078125,1.0024110218623,0.90912500963749,1.0000375106012
0.195703125,1.0024209208526,0.90912539990475,1.0000379398952
0.1958984375,1.0024308416886,0.90912579130953,1.0000383704405
0.19609375,1.0024407843861,0.9091261838537,1.0000388022391
0.1962890625,1.0024507489611,0.90912657753912,1.000039235293
0.196484375,1.0024607354299,0.90912697236769,1.0000396696045
0.1966796875,1.0024707438083,0.90912736834126,1.0000401051754
0.196875,1.0024807741126,0.90912776546171,1.0000405420079
0.1970703125,1.002490826359,0.90912816373092,1.000040980104
0.197265625,1.0025009005635,0.90912856315078,1.0000414194659
0.1974609375,1.0025109967425,0.90912896372315,1.0000418600955
0.19765625,1.0025211149123,0.90912936544993,1.0000423019949
0.1978515625,1.0025312550891,0.90912976833299,1.0000427451663
0.198046875,1.0025414172893,0.90913017237423,1.0000431896117
0.1982421875,1.0025516015293,0.90913057757552,1.0000436353331
0.1984375,1.0025618078256,0.90913098393876,1.0000440823326
0.1986328125,1.0025720361945,0.90913139146584,1.0000445306124
0.198828125,1.0025822866525,0.90913180015864,1.0000449801745
0.1990234375,1.0025925592163,0.90913221001906,1.000045431021
0.19921875,1.0026028539023,0.90913262104899,1.0000458831539
0.1994140625,1.0026131707272,0.90913303325033,1.0000463365754
0.199609375,1.0026235097075,0.90913344662498,1.0000467912875
0.1998046875,1.0026338708601,0.90913386117483,1.0000472472923
0.2,1.0026442542015,0.90913427690178,1.000047704592
0.2001953125,1.0026546597486,0.90913469380774,1.0000481631885
0.200390625,1.0026650875181,0.90913511189461,1.0000486230841
0.2005859375,1.0026755375268,0.90913553116429,1.0000490842807
0.20078125,1.0026860097916,0.90913595161868,1.0000495467805
0.2009765625,1.0026965043293,0.9091363732597,1.0000500105857
0.201171875,1.0027070211569,0.90913679608925,1.0000504756982
0.2013671875,1.0027175602914,0.90913722010924,1.0000509421202
0.2015625,1.0027281217497,0.90913764532158,1.0000514098537
0.2017578125,1.0027387055488,0.90913807172819,1.000051878901
0.201953125,1.0027493117059,0.90913849933098,1.0000523492641
0.2021484375,1.002759940238,0.90913892813186,1.000052820945
0.20234375,1.0027705911622,0.90913935813275,1.000053293946
0.2025390625,1.0027812644957,0.90913978933557,1.0000537682691
0.202734375,1.0027919602557,0.90914022174223,1.0000542439165
0.2029296875,1.0028026784594,0.90914065535467,1.0000547208901
0.203125,1.0028134191242,0.90914109017479,1.0000551991923
0.2033203125,1.0028241822672,0.90914152620452,1.000055678825
0.203515625,1.0028349679059,0.9091419634458,1.0000561597904
0.2037109375,1.0028457760575,0.90914240190053,1.0000566420906
0.20390625,1.0028566067396,0.90914284157065,1.0000571257277
0.2041015625,1.0028674599695,0.9091432824581,1.0000576107039
0.204296875,1.0028783357646,0.90914372456478,1.0000580970213
0.2044921875,1.0028892341426,0.90914416789265,1.0000585846819
0.2046875,1.0029001551209,0.90914461244363,1.000059073688
0.2048828125,1.0029110987172,0.90914505821965,1.0000595640416
0.205078125,1.0029220649489,0.90914550522265,1.0000600557449
0.2052734375,1.0029330538338,0.90914595345456,1.0000605488
0.20546875,1.0029440653894,0.90914640291733,1.0000610432091
0.2056640625,1.0029550996336,0.90914685361288,1.0000615389742
0.205859375,1.002966156584,0.90914730554317,1.0000620360975
0.2060546875,1.0029772362585,0.90914775871012,1.0000625345811
0.20625,1.0029883386747,0.90914821311569,1.0000630344273
0.2064453125,1.0029994638506,0.90914866876181,1.000063535638
0.206640625,1.0030106118039,0.90914912565043,1.0000640382155
0.2068359375,1.0030217825527,0.9091495837835,1.0000645421618
0.20703125,1.0030329761148,0.90915004316296,1.0000650474793
0.2072265625,1.0030441925082,0.90915050379076,1.0000655541698
0.207421875,1.0030554317508,0.90915096566884,1.0000660622357
0.2076171875,1.0030666938607,0.90915142879917,1.0000665716791
0.2078125,1.0030779788561,0.90915189318369,1.0000670825021
0.2080078125,1.0030892867548,0.90915235882435,1.0000675947068
0.208203125,1.0031006175751,0.90915282572311,1.0000681082954
0.2083984375,1.0031119713352,0.90915329388193,1.0000686232701
0.20859375,1.0031233480531,0.90915376330275,1.000069139633
0.2087890625,1.0031347477472,0.90915423398753,1.0000696573863
0.208984375,1.0031461704356,0.90915470593824,1.0000701765321
0.2091796875,1.0031576161367,0.90915517915684,1.0000706970725
0.209375,1.0031690848687,0.90915565364528,1.0000712190098
0.2095703125,1.00318057665,0.90915612940552,1.0000717423461
0.209765625,1.003192091499,0.90915660643953,1.0000722670835
0.2099609375,1.0032036294341,0.90915708474928,1.0000727932242
0.21015625,1.0032151904737,0.90915756433672,1.0000733207704
0.2103515625,1.0032267746362,0.90915804520383,1.0000738497242
0.210546875,1.0032383819402,0.90915852735256,1.0000743800878
0.2107421875,1.0032500124042,0.9091590107849,1.0000749118634
0.2109375,1.0032616660467,0.9091594955028,1.0000754450531
0.2111328125,1.0032733428864,0.90915998150824,1.0000759796591
0.211328125,1.0032850429418,0.90916046880319,1.0000765156835
0.2115234375,1.0032967662317,0.90916095738963,1.0000770531286
0.21171875,1.0033085127746,0.90916144726951,1.0000775919965
0.2119140625,1.0033202825893,0.90916193844483,1.0000781322893
0.212109375,1.0033320756946,0.90916243091755,1.0000786740093
0.2123046875,1.0033438921092,0.90916292468966,1.0000792171586
0.2125,1.0033557318519,0.90916341976312,1.0000797617394
0.2126953125,1.0033675949415,0.90916391613992,1.0000803077539
0.212890625,1.0033794813969,0.90916441382204,1.0000808552042
0.2130859375,1.003391391237,0.90916491281146,1.0000814040926
0.21328125,1.0034033244807,0.90916541311015,1.0000819544212
0.2134765625,1.003415281147,0.90916591472011,1.0000825061921
0.213671875,1.0034272612548,0.90916641764332,1.0000830594076
0.2138671875,1.0034392648232,0.90916692188175,1.0000836140699
0.2140625,1.0034512918712,0.9091674274374,1.0000841701811
0.2142578125,1.0034633424178,0.90916793431225,1.0000847277435
0.214453125,1.0034754164821,0.90916844250829,1.0000852867591
0.2146484375,1.0034875140834,0.9091689520275,1.0000858472303
0.21484375,1.0034996352407,0.90916946287189,1.0000864091591
0.2150390625,1.0035117799732,0.90916997504343,1.0000869725478
0.215234375,1.0035239483001,0.90917048854411,1.0000875373985
0.2154296875,1.0035361402407,0.90917100337594,1.0000881037135
0.215625,1.0035483558143,0.9091715195409,1.000088671495
0.2158203125,1.0035605950402,0.90917203704099,1.0000892407451
0.216015625,1.0035728579376,0.9091725558782,1.000089811466
0.2162109375,1.0035851445259,0.90917307605453,1.00009038366
0.21640625,1.0035974548246,0.90917359757197,1.0000909573292
0.2166015625,1.003609788853,0.90917412043252,1.0000915324758
0.216796875,1.0036221466307,0.90917464463818,1.000092109102
0.2169921875,1.003634528177,0.90917517019095,1.00009268721
0.2171875,1.0036469335114,0.90917569709283,1.0000932668021
0.2173828125,1.0036593626536,0.90917622534582,1.0000938478804
0.217578125,1.003671815623,0.90917675495192,1.0000944304471
0.2177734375,1.0036842924393,0.90917728591314,1.0000950145045
0.21796875,1.003696793122,0.90917781823148,1.0000956000546
0.2181640625,1.0037093176909,0.90917835190894,1.0000961870998
0.218359375,1.0037218661655,0.90917888694753,1.0000967756423
0.2185546875,1.0037344385655,0.90917942334925,1.0000973656842
0.21875,1.0037470349108,0.90917996111612,1.0000979572277
0.2189453125,1.003759655221,0.90918050025013,1.0000985502751
0.219140625,1.003772299516,0.9091810407533,1.0000991448286
0.2193359375,1.0037849678155,0.90918158262764,1.0000997408904
0.21953125,1.0037976601394,0.90918212587516,1.0001003384627
0.2197265625,1.0038103765075,0.90918267049787,1.0001009375477
0.219921875,1.0038231169398,0.90918321649778,1.0001015381476
0.2201171875,1.0038358814561,0.9091837638769,1.0001021402646
0.2203125,1.0038486700765,0.90918431263725,1.000102743901
0.2205078125,1.0038614828208,0.90918486278085,1.0001033490589
0.220703125,1.0038743197091,0.9091854143097,1.0001039557407
0.2208984375,1.0038871807615,0.90918596722582,1.0001045639484
0.22109375,1.0039000659979,0.90918652153123,1.0001051736844
0.2212890625,1.0039129754385,0.90918707722795,1.0001057849507
0.221484375,1.0039259091033,0.90918763431799,1.0001063977498
0.2216796875,1.0039388670126,0.90918819280338,1.0001070120837
0.221875,1.0039518491864,0.90918875268613,1.0001076279547
0.2220703125,1.003964855645,0.90918931396826,1.0001082453651
0.222265625,1.0039778864086,0.9091898766518,1.000108864317
0.2224609375,1.0039909414974,0.90919044073877,1.0001094848127
0.22265625,1.0040040209317,0.90919100623119,1.0001101068543
0.2228515625,1.0040171247318,0.90919157313108,1.0001107304442
0.223046875,1.004030252918,0.90919214144047,1.0001113555845
0.2232421875,1.0040434055107,0.90919271116139,1.0001119822775
0.2234375,1.0040565825302,0.90919328229585,1.0001126105254
0.2236328125,1.0040697839971,0.90919385484588,1.0001132403305
0.223828125,1.0040830099316,0.90919442881352,1.0001138716949
0.2240234375,1.0040962603542,0.90919500420078,1.0001145046209
0.22421875,1.0041095352855,0.90919558100971,1.0001151391107
0.2244140625,1.0041228347459,0.90919615924232,1.0001157751665
0.224609375,1.004136158756,0.90919673890064,1.0001164127907
0.2248046875,1.0041495073363,0.90919731998672,1.0001170519854
0.225,1.0041628805075,0.90919790250257,1.0001176927528
0.2251953125,1.0041762782901,0.90919848645023,1.0001183350953
0.225390625,1.0041897007047,0.90919907183174,1.0001189790149
0.2255859375,1.0042031477721,0.90919965864912,1.000119624514
0.22578125,1.004216619513,0.90920024690441,1.0001202715949
0.2259765625,1.004230115948,0.90920083659965,1.0001209202596
0.226171875,1.0042436370979,0.90920142773686,1.0001215705105
0.2263671875,1.0042571829834,0.90920202031809,1.0001222223499
0.2265625,1.0042707536254,0.90920261434537,1.0001228757799
0.2267578125,1.0042843490447,0.90920320982074,1.0001235308028
0.226953125,1.0042979692621,0.90920380674624,1.0001241874209
0.2271484375,1.0043116142985,0.9092044051239,1.0001248456363
0.22734375,1.0043252841748,0.90920500495577,1.0001255054513
0.2275390625,1.0043389789119,0.90920560624388,1.0001261668683
0.227734375,1.0043526985308,0.90920620899027,1.0001268298893
0.2279296875,1.0043664430523,0.90920681319698,1.0001274945167
0.228125,1.0043802124976,0.90920741886607,1.0001281607527
0.2283203125,1.0043940068876,0.90920802599956,1.0001288285995
0.228515625,1.0044078262435,0.9092086345995,1.0001294980595
0.2287109375,1.0044216705861,0.90920924466794,1.0001301691347
0.22890625,1.0044355399368,0.90920985620691,1.0001308418276
0.2291015625,1.0044494343165,0.90921046921846,1.0001315161403
0.229296875,1.0044633537465,0.90921108370465,1.0001321920751
0.2294921875,1.0044772982478,0.9092116996675,1.0001328696343
0.2296875,1.0044912678418,0.90921231710907,1.00013354882
0.2298828125,1.0045052625496,0.90921293603141,1.0001342296346
0.230078125,1.0045192823924,0.90921355643657,1.0001349120802
0.2302734375,1.0045333273915,0.90921417832658,1.0001355961592
0.23046875,1.0045473975683,0.9092148017035,1.0001362818739
0.2306640625,1.0045614929441,0.90921542656938,1.0001369692263
0.230859375,1.0045756135401,0.90921605292627,1.0001376582189
0.2310546875,1.0045897593777,0.90921668077622,1.0001383488538
0.23125,1.0046039304785,0.90921731012127,1.0001390411334
0.2314453125,1.0046181268637,0.90921794096348,1.0001397350598
0.231640625,1.0046323485548,0.90921857330491,1.0001404306354
0.2318359375,1.0046465955732,0.9092192071476,1.0001411278624
0.23203125,1.0046608679406,0.9092198424936,1.000141826743
0.2322265625,1.0046751656783,0.90922047934497,1.0001425272795
0.232421875,1.0046894888079,0.90922111770377,1.0001432294741
0.2326171875,1.0047038373511,0.90922175757204,1.0001439333292
0.2328125,1.0047182113293,0.90922239895185,1.000144638847
0.2330078125,1.0047326107641,0.90922304184524,1.0001453460298
0.233203125,1.0047470356773,0.90922368625428,1.0001460548797
0.2333984375,1.0047614860904,0.90922433218102,1.0001467653991
0.23359375,1.0047759620252,0.90922497962751,1.0001474775903
0.2337890625,1.0047904635033,0.90922562859581,1.0001481914554
0.233984375,1.0048049905465,0.90922627908799,1.0001489069968
0.2341796875,1.0048195431766,0.9092269311061,1.0001496242167
0.234375,1.0048341214153,0.90922758465219,1.0001503431174
0.2345703125,1.0048487252844,0.90922823972834,1.0001510637012
0.234765625,1.0048633548057,0.90922889633659,1.0001517859702
0.23496093749999,1.0048780100011,0.909229554479,1.0001525099269
0.23515624999999,1.0048926908924,0.90923021415765,1.0001532355734
0.23535156249999,1.0049073975017,0.90923087537458,1.000153962912
0.23554687499999,1.0049221298507,0.90923153813187,1.0001546919451
0.23574218749999,1.0049368879614,0.90923220243157,1.0001554226747
0.23593749999999,1.0049516718557,0.90923286827574,1.0001561551033
0.23613281249999,1.0049664815558,0.90923353566645,1.0001568892331
0.23632812499999,1.0049813170835,0.90923420460576,1.0001576250663
0.23652343749999,1.0049961784609,0.90923487509574,1.0001583626053
0.23671874999999,1.0050110657101,0.90923554713844,1.0001591018523
0.23691406249999,1.0050259788531,0.90923622073594,1.0001598428095
0.23710937499999,1.0050409179121,0.9092368958903,1.0001605854793
0.23730468749999,1.0050558829092,0.90923757260358,1.0001613298639
0.23749999999999,1.0050708738665,0.90923825087785,1.0001620759656
0.23769531249999,1.0050858908063,0.90923893071518,1.0001628237867
0.23789062499999,1.0051009337506,0.90923961211763,1.0001635733294
0.23808593749999,1.0051160027217,0.90924029508727,1.000164324596
0.23828124999999,1.0051310977419,0.90924097962617,1.0001650775888
0.23847656249999,1.0051462188335,0.90924166573639,1.00016583231
0.23867187499999,1.0051613660186,0.90924235342001,1.000166588762
0.23886718749999,1.0051765393197,0.90924304267909,1.000167346947
0.23906249999999,1.005191738759,0.9092437335157,1.0001681068673
0.23925781249999,1.005206964359,0.90924442593191,1.0001688685251
0.23945312499999,1.0052222161419,0.9092451199298,1.0001696319228
0.23964843749999,1.0052374941302,0.90924581551142,1.0001703970626
0.23984374999999,1.0052527983464,0.90924651267886,1.0001711639467
0.24003906249999,1.0052681288128,0.90924721143418,1.0001719325776
0.24023437499999,1.0052834855519,0.90924791177945,1.0001727029574
0.24042968749999,1.0052988685863,0.90924861371675,1.0001734750884
0.24062499999999,1.0053142779384,0.90924931724815,1.000174248973
0.24082031249999,1.0053297136308,0.90925002237572,1.0001750246133
0.24101562499999,1.005345175686,0.90925072910153,1.0001758020117
0.24121093749999,1.0053606641267,0.90925143742766,1.0001765811704
0.24140624999999,1.0053761789753,0.90925214735618,1.0001773620918
0.24160156249999,1.0053917202546,0.90925285888916,1.0001781447781
0.24179687499999,1.0054072879872,0.90925357202868,1.0001789292315
0.24199218749999,1.0054228821958,0.90925428677681,1.0001797154545
0.24218749999999,1.005438502903,0.90925500313564,1.0001805034492
0.24238281249999,1.0054541501316,0.90925572110722,1.0001812932179
0.24257812499999,1.0054698239043,0.90925644069365,1.000182084763
0.24277343749999,1.0054855242438,0.90925716189698,1.0001828780867
0.24296874999999,1.005501251173,0.90925788471931,1.0001836731912
0.24316406249999,1.0055170047147,0.90925860916271,1.000184470079
0.24335937499999,1.0055327848916,0.90925933522925,1.0001852687522
0.24355468749999,1.0055485917266,0.90926006292101,1.0001860692131
0.24374999999999,1.0055644252426,0.90926079224007,1.0001868714641
0.24394531249999,1.0055802854625,0.90926152318851,1.0001876755074
0.24414062499999,1.0055961724092,0.9092622557684,1.0001884813452
0.24433593749999,1.0056120861057,0.90926298998183,1.00018928898
0.24453124999999,1.0056280265748,0.90926372583086,1.0001900984139
0.24472656249999,1.0056439938395,0.90926446331759,1.0001909096494
0.24492187499999,1.0056599879229,0.90926520244409,1.0001917226885
0.24511718749999,1.005676008848,0.90926594321244,1.0001925375337
0.24531249999999,1.0056920566379,0.90926668562472,1.0001933541872
0.24550781249999,1.0057081313155,0.90926742968301,1.0001941726513
0.24570312499999,1.005724232904,0.90926817538938,1.0001949929283
0.24589843749999,1.0057403614264,0.90926892274593,1.0001958150205
0.24609374999999,1.005756516906,0.90926967175474,1.0001966389302
0.24628906249999,1.0057726993659,0.90927042241787,1.0001974646597
0.24648437499999,1.0057889088292,0.90927117473742,1.0001982922112
0.24667968749999,1.0058051453191,0.90927192871547,1.000199121587
0.24687499999999,1.0058214088588,0.9092726843541,1.0001999527895
0.24707031249999,1.0058376994716,0.90927344165539,1.0002007858209
0.24726562499999,1.0058540171808,0.90927420062142,1.0002016206836
0.24746093749999,1.0058703620096,0.90927496125428,1.0002024573797
0.24765624999999,1.0058867339813,0.90927572355605,1.0002032959117
0.24785156249999,1.0059031331193,0.90927648752882,1.0002041362817
0.24804687499999,1.0059195594468,0.90927725317466,1.0002049784921
0.24824218749999,1.0059360129873,0.90927802049566,1.0002058225452
0.24843749999999,1.0059524937642,0.90927878949391,1.0002066684433
0.24863281249999,1.0059690018008,0.90927956017148,1.0002075161886
0.24882812499999,1.0059855371205,0.90928033253047,1.0002083657835
0.24902343749999,1.0060020997469,0.90928110657296,1.0002092172303
0.24921874999999,1.0060186897034,0.90928188230104,1.0002100705311
0.24941406249999,1.0060353070134,0.90928265971678,1.0002109256885
0.24960937499999,1.0060519517006,0.90928343882228,1.0002117827045
0.24980468749999,1.0060686237884,0.90928421961962,1.0002126415816
0.24999999999999,1.0060853233003,0.90928500211089,1.000213502322
0.25019531249999,1.0061020502601,0.90928578629817,1.000214364928
0.25039062499999,1.0061188046912,0.90928657218354,1.0002152294019
0.25058593749999,1.0061355866173,0.90928735976911,1.000216095746
0.25078124999999,1.006152396062,0.90928814905695,1.0002169639626
0.25097656249999,1.006169233049,0.90928894004914,1.0002178340541
0.25117187499999,1.0061860976019,0.90928973274779,1.0002187060226
0.25136718749999,1.0062029897445,0.90929052715497,1.0002195798705
0.25156249999999,1.0062199095005,0.90929132327277,1.0002204556
0.25175781249999,1.0062368568936,0.90929212110328,1.0002213332136
0.25195312499999,1.0062538319476,0.90929292064859,1.0002222127135
0.25214843749999,1.0062708346863,0.90929372191079,1.0002230941019
0.25234374999999,1.0062878651335,0.90929452489196,1.0002239773812
0.25253906249999,1.006304923313,0.9092953295942,1.0002248625536
0.25273437499999,1.0063220092486,0.90929613601958,1.0002257496215
0.25292968749999,1.0063391229643,0.90929694417021,1.0002266385872
0.25312499999999,1.0063562644839,0.90929775404817,1.000227529453
0.25332031249999,1.0063734338313,0.90929856565555,1.0002284222211
0.25351562499999,1.0063906310304,0.90929937899444,1.0002293168939
0.25371093749999,1.0064078561053,0.90930019406693,1.0002302134736
0.25390624999999,1.0064251090798,0.9093010108751,1.0002311119626
0.25410156249999,1.006442389978,0.90930182942106,1.0002320123632
0.25429687499999,1.0064596988239,0.90930264970688,1.0002329146776
0.25449218749999,1.0064770356415,0.90930347173467,1.0002338189081
0.25468749999999,1.0064944004548,0.9093042955065,1.0002347250572
0.25488281249999,1.006511793288,0.90930512102448,1.0002356331269
0.25507812499999,1.0065292141651,0.90930594829069,1.0002365431198
0.25527343749999,1.0065466631103,0.90930677730722,1.0002374550379
0.25546874999999,1.0065641401476,0.90930760807616,1.0002383688838
0.25566406249999,1.0065816453013,0.90930844059961,1.0002392846596
0.25585937499999,1.0065991785955,0.90930927487966,1.0002402023676
0.25605468749999,1.0066167400544,0.9093101109184,1.0002411220102
0.25624999999999,1.0066343297023,0.90931094871791,1.0002420435897
0.25644531249999,1.0066519475633,0.9093117882803,1.0002429671083
0.25664062499999,1.0066695936617,0.90931262960765,1.0002438925684
0.25683593749999,1.0066872680218,0.90931347270206,1.0002448199723
0.25703124999999,1.0067049706679,0.90931431756561,1.0002457493222
0.25722656249999,1.0067227016244,0.90931516420041,1.0002466806204
0.25742187499999,1.0067404609155,0.90931601260854,1.0002476138694
0.25761718749999,1.0067582485656,0.90931686279209,1.0002485490713
0.25781249999999,1.0067760645991,0.90931771475317,1.0002494862285
0.25800781249999,1.0067939090405,0.90931856849386,1.0002504253432
0.25820312499999,1.006811781914,0.90931942401625,1.0002513664179
0.25839843749999,1.0068296832441,0.90932028132244,1.0002523094547
0.25859374999999,1.0068476130554,0.90932114041452,1.000253254456
0.25878906249999,1.0068655713722,0.90932200129459,1.000254201424
0.25898437499999,1.0068835582191,0.90932286396473,1.0002551503612
0.25917968749999,1.0069015736206,0.90932372842705,1.0002561012698
0.25937499999999,1.0069196176013,0.90932459468363,1.000257054152
0.25957031249999,1.0069376901857,0.90932546273658,1.0002580090102
0.25976562499999,1.0069557913984,0.90932633258797,1.0002589658468
0.25996093749999,1.0069739212639,0.90932720423992,1.0002599246639
0.26015624999999,1.006992079807,0.9093280776945,1.000260885464
0.26035156249999,1.0070102670522,0.90932895295382,1.0002618482492
0.26054687499999,1.0070284830242,0.90932983001998,1.000262813022
0.26074218749999,1.0070467277477,0.90933070889505,1.0002637797846
0.26093749999999,1.0070650012474,0.90933158958115,1.0002647485393
0.26113281249999,1.007083303548,0.90933247208036,1.0002657192884
0.26132812499999,1.0071016346743,0.90933335639478,1.0002666920343
0.26152343749999,1.0071199946509,0.90933424252651,1.0002676667792
0.26171874999999,1.0071383835028,0.90933513047763,1.0002686435254
0.26191406249999,1.0071568012546,0.90933602025024,1.0002696222753
0.26210937499999,1.0071752479313,0.90933691184645,1.0002706030311
0.26230468749999,1.0071937235576,0.90933780526834,1.0002715857952
0.26249999999999,1.0072122281584,0.909338700518,1.0002725705698
0.26269531249999,1.0072307617586,0.90933959759754,1.0002735573573
0.26289062499999,1.0072493243831,0.90934049650905,1.00027454616
0.26308593749999,1.0072679160567,0.90934139725463,1.0002755369801
0.26328124999999,1.0072865368046,0.90934229983637,1.00027652982
0.26347656249999,1.0073051866515,0.90934320425636,1.000277524682
0.26367187499999,1.0073238656225,0.9093441105167,1.0002785215684
0.26386718749999,1.0073425737426,0.90934501861949,1.0002795204814
0.26406249999999,1.0073613110368,0.90934592856683,1.0002805214235
0.26425781249999,1.0073800775301,0.9093468403608,1.0002815243969
0.26445312499999,1.0073988732476,0.90934775400351,1.0002825294039
0.26464843749999,1.0074176982144,0.90934866949705,1.0002835364468
0.26484374999999,1.0074365524555,0.90934958684352,1.0002845455279
0.26503906249999,1.0074554359961,0.909350506045,1.0002855566495
0.26523437499999,1.0074743488614,0.90935142710361,1.000286569814
0.26542968749999,1.0074932910764,0.90935235002144,1.0002875850236
0.26562499999999,1.0075122626663,0.90935327480057,1.0002886022806
0.26582031249999,1.0075312636565,0.90935420144311,1.0002896215874
0.26601562499999,1.0075502940719,0.90935512995116,1.0002906429463
0.26621093749999,1.007569353938,0.90935606032681,1.0002916663595
0.26640624999999,1.0075884432799,0.90935699257215,1.0002926918294
0.26660156249999,1.0076075621229,0.90935792668929,1.0002937193582
0.26679687499999,1.0076267104924,0.90935886268031,1.0002947489483
0.26699218749999,1.0076458884136,0.90935980054732,1.0002957806021
0.26718749999999,1.0076650959118,0.90936074029242,1.0002968143217
0.26738281249999,1.0076843330125,0.90936168191769,1.0002978501095
0.26757812499999,1.0077035997409,0.90936262542524,1.0002988879678
0.26777343749999,1.0077228961226,0.90936357081716,1.0002999278989
0.26796874999999,1.0077422221828,0.90936451809555,1.0003009699051
0.26816406249999,1.007761577947,0.90936546726251,1.0003020139888
0.26835937499999,1.0077809634407,0.90936641832013,1.0003030601521
0.26855468749999,1.0078003786894,0.90936737127051,1.0003041083976
0.26874999999999,1.0078198237185,0.90936832611574,1.0003051587273
0.26894531249999,1.0078392985535,0.90936928285793,1.0003062111437
0.26914062499999,1.00785880322,0.90937024149916,1.0003072656491
0.26933593749999,1.0078783377435,0.90937120204154,1.0003083222457
0.26953124999999,1.0078979021495,0.90937216448717,1.0003093809359
0.26972656249999,1.0079174964638,0.90937312883813,1.0003104417219
0.26992187499999,1.0079371207118,0.90937409509653,1.0003115046062
0.27011718749999,1.0079567749192,0.90937506326447,1.0003125695909
0.27031249999999,1.0079764591117,0.90937603334404,1.0003136366784
0.27050781249999,1.0079961733149,0.90937700533733,1.0003147058711
0.27070312499999,1.0080159175545,0.90937797924645,1.0003157771711
0.27089843749999,1.0080356918562,0.90937895507348,1.0003168505808
0.27109374999999,1.0080554962457,0.90937993282054,1.0003179261026
0.27128906249999,1.0080753307488,0.90938091248971,1.0003190037387
0.27148437499999,1.0080951953912,0.9093818940831,1.0003200834914
0.27167968749999,1.0081150901987,0.90938287760279,1.0003211653631
0.27187499999999,1.0081350151971,0.90938386305089,1.000322249356
0.27207031249999,1.0081549704123,0.90938485042949,1.0003233354724
0.27226562499999,1.0081749558701,0.90938583974069,1.0003244237148
0.27246093749999,1.0081949715962,0.90938683098658,1.0003255140852
0.27265624999999,1.0082150176167,0.90938782416927,1.0003266065862
0.27285156249999,1.0082350939574,0.90938881929085,1.0003277012199
0.27304687499999,1.0082552006443,0.90938981635342,1.0003287979888
0.27324218749999,1.0082753377032,0.90939081535907,1.000329896895
0.27343749999999,1.0082955051601,0.9093918163099,1.0003309979409
0.27363281249999,1.008315703041,0.90939281920801,1.0003321011288
0.27382812499999,1.0083359313719,0.9093938240555,1.000333206461
0.27402343749999,1.0083561901788,0.90939483085445,1.0003343139399
0.27421874999999,1.0083764794878,0.90939583960698,1.0003354235677
0.27441406249999,1.0083967993249,0.90939685031516,1.0003365353467
0.27460937499999,1.0084171497161,0.90939786298111,1.0003376492792
0.27480468749999,1.0084375306876,0.90939887760692,1.0003387653676
0.27499999999999,1.0084579422655,0.90939989419468,1.0003398836142
0.27519531249999,1.0084783844758,0.9094009127465,1.0003410040211
0.27539062499999,1.0084988573449,0.90940193326446,1.0003421265909
0.27558593749999,1.0085193608988,0.90940295575067,1.0003432513257
0.27578124999999,1.0085398951636,0.90940398020722,1.0003443782279
0.27597656249999,1.0085604601658,0.90940500663621,1.0003455072998
0.27617187499999,1.0085810559313,0.90940603503973,1.0003466385437
0.27636718749999,1.0086016824866,0.90940706541988,1.0003477719619
0.27656249999999,1.0086223398578,0.90940809777876,1.0003489075566
0.27675781249999,1.0086430280713,0.90940913211847,1.0003500453303
0.27695312499999,1.0086637471534,0.90941016844109,1.0003511852852
0.27714843749999,1.0086844971303,0.90941120674874,1.0003523274236
0.27734374999999,1.0087052780285,0.90941224704349,1.0003534717478
0.27753906249999,1.0087260898743,0.90941328932746,1.0003546182602
0.27773437499999,1.008746932694,0.90941433360273,1.000355766963
0.27792968749999,1.0087678065141,0.9094153798714,1.0003569178585
0.27812499999999,1.0087887113611,0.90941642813557,1.0003580709491
0.27832031249999,1.0088096472613,0.90941747839734,1.0003592262371
0.27851562499999,1.0088306142411,0.9094185306588,1.0003603837247
0.27871093749999,1.0088516123272,0.90941958492204,1.0003615434142
0.27890624999999,1.008872641546,0.90942064118917,1.0003627053081
0.27910156249999,1.0088937019239,0.90942169946227,1.0003638694085
0.27929687499999,1.0089147934876,0.90942275974345,1.0003650357178
0.27949218749999,1.0089359162637,0.9094238220348,1.0003662042383
0.27968749999999,1.0089570702785,0.90942488633841,1.0003673749723
0.27988281249999,1.0089782555589,0.90942595265639,1.000368547922
0.28007812499999,1.0089994721314,0.90942702099083,1.0003697230899
0.28027343749999,1.0090207200225,0.90942809134382,1.0003709004782
0.28046874999999,1.0090419992591,0.90942916371745,1.0003720800892
0.28066406249999,1.0090633098677,0.90943023811384,1.0003732619252
0.28085937499999,1.0090846518751,0.90943131453506,1.0003744459886
0.28105468749999,1.0091060253079,0.90943239298322,1.0003756322815
0.28124999999999,1.0091274301929,0.90943347346041,1.0003768208064
0.28144531249999,1.0091488665569,0.90943455596872,1.0003780115656
0.28164062499999,1.0091703344266,0.90943564051026,1.0003792045613
0.28183593749999,1.0091918338288,0.90943672708711,1.0003803997958
0.28203124999999,1.0092133647903,0.90943781570138,1.0003815972715
0.28222656249999,1.009234927338,0.90943890635515,1.0003827969907
0.28242187499999,1.0092565214987,0.90943999905052,1.0003839989556
0.28261718749999,1.0092781472992,0.9094410937896,1.0003852031686
0.28281249999999,1.0092998047665,0.90944219057446,1.0003864096319
0.28300781249999,1.0093214939274,0.90944328940721,1.0003876183479
0.28320312499999,1.0093432148089,0.90944439028994,1.0003888293189
0.28339843749999,1.009364967438,0.90944549322475,1.0003900425472
0.28359374999999,1.0093867518415,0.90944659821373,1.0003912580351
0.28378906249999,1.0094085680465,0.90944770525897,1.0003924757849
0.28398437499999,1.0094304160801,0.90944881436258,1.0003936957988
0.28417968749999,1.0094522959691,0.90944992552664,1.0003949180793
0.28437499999999,1.0094742077407,0.90945103875324,1.0003961426286
0.28457031249999,1.0094961514219,0.90945215404449,1.0003973694489
0.28476562499999,1.0095181270397,0.90945327140248,1.0003985985427
0.28496093749999,1.0095401346214,0.9094543908293,1.0003998299122
0.28515624999999,1.009562174194,0.90945551232704,1.0004010635597
0.28535156249999,1.0095842457847,0.90945663589781,1.0004022994876
0.28554687499999,1.0096063494206,0.90945776154369,1.0004035376981
0.28574218749999,1.0096284851289,0.90945888926677,1.0004047781934
0.28593749999999,1.0096506529368,0.90946001906915,1.0004060209761
0.28613281249999,1.0096728528715,0.90946115095293,1.0004072660482
0.28632812499999,1.0096950849603,0.9094622849202,1.0004085134122
0.28652343749999,1.0097173492304,0.90946342097305,1.0004097630704
0.28671874999999,1.009739645709,0.90946455911358,1.0004110150249
0.28691406249999,1.0097619744236,0.90946569934387,1.0004122692783
0.28710937499999,1.0097843354014,0.90946684166603,1.0004135258326
0.28730468749999,1.0098067286697,0.90946798608214,1.0004147846903
0.28749999999999,1.0098291542559,0.90946913259429,1.0004160458537
0.28769531249999,1.0098516121874,0.90947028120459,1.0004173093251
0.28789062499999,1.0098741024915,0.90947143191513,1.0004185751066
0.28808593749999,1.0098966251957,0.90947258472799,1.0004198432008
0.28828124999999,1.0099191803274,0.90947373964527,1.0004211136098
0.28847656249999,1.0099417679141,0.90947489666906,1.000422386336
0.28867187499999,1.0099643879833,0.90947605580146,1.0004236613816
0.28886718749999,1.0099870405623,0.90947721704455,1.000424938749
0.28906249999999,1.0100097256788,0.90947838040044,1.0004262184405
0.28925781249999,1.0100324433603,0.9094795458712,1.0004275004583
0.28945312499999,1.0100551936343,0.90948071345894,1.0004287848048
0.28964843749999,1.0100779765284,0.90948188316575,1.0004300714823
0.28984374999999,1.0101007920702,0.90948305499372,1.0004313604931
0.29003906249999,1.0101236402872,0.90948422894493,1.0004326518394
0.29023437499999,1.0101465212072,0.90948540502149,1.0004339455236
0.29042968749999,1.0101694348578,0.90948658322549,1.000435241548
0.29062499999999,1.0101923812666,0.90948776355901,1.0004365399149
0.29082031249999,1.0102153604614,0.90948894602414,1.0004378406266
0.29101562499999,1.0102383724698,0.90949013062299,1.0004391436853
0.29121093749999,1.0102614173195,0.90949131735763,1.0004404490934
0.29140624999999,1.0102844950384,0.90949250623017,1.0004417568532
0.29160156249999,1.0103076056542,0.90949369724269,1.000443066967
0.29179687499999,1.0103307491946,0.90949489039729,1.000444379437
0.29199218749999,1.0103539256875,0.90949608569605,1.0004456942657
0.29218749999999,1.0103771351608,0.90949728314106,1.0004470114552
0.29238281249999,1.0104003776421,0.90949848273443,1.0004483310079
0.29257812499999,1.0104236531595,0.90949968447823,1.000449652926
0.29277343749999,1.0104469617408,0.90950088837455,1.000450977212
0.29296874999999,1.010470303414,0.9095020944255,1.0004523038681
0.29316406249999,1.0104936782068,0.90950330263316,1.0004536328965
0.29335937499999,1.0105170861473,0.90950451299961,1.0004549642996
0.29355468749999,1.0105405272635,0.90950572552696,1.0004562980797
0.29374999999999,1.0105640015833,0.90950694021728,1.000457634239
0.29394531249999,1.0105875091348,0.90950815707267,1.0004589727799
0.29414062499999,1.0106110499459,0.90950937609523,1.0004603137048
0.29433593749999,1.0106346240447,0.90951059728703,1.0004616570157
0.29453124999999,1.0106582314593,0.90951182065017,1.0004630027152
0.29472656249999,1.0106818722178,0.90951304618674,1.0004643508054
0.29492187499999,1.0107055463482,0.90951427389883,1.0004657012887
0.29511718749999,1.0107292538787,0.90951550378853,1.0004670541674
0.29531249999999,1.0107529948374,0.90951673585792,1.0004684094437
0.29550781249999,1.0107767692526,0.9095179701091,1.00046976712
0.29570312499999,1.0108005771523,0.90951920654415,1.0004711271986
0.29589843749999,1.0108244185648,0.90952044516517,1.0004724896817
0.29609374999999,1.0108482935183,0.90952168597424,1.0004738545717
0.29628906249999,1.010872202041,0.90952292897345,1.0004752218708
0.29648437499999,1.0108961441613,0.9095241741649,1.0004765915814
0.29667968749999,1.0109201199073,0.90952542155066,1.0004779637057
0.29687499999999,1.0109441293075,0.90952667113283,1.0004793382461
0.29707031249999,1.0109681723901,0.90952792291349,1.0004807152048
0.29726562499999,1.0109922491835,0.90952917689474,1.0004820945842
0.29746093749999,1.011016359716,0.90953043307866,1.0004834763865
0.29765624999999,1.011040504016,0.90953169146734,1.0004848606141
0.29785156249999,1.011064682112,0.90953295206287,1.0004862472692
0.29804687499999,1.0110888940323,0.90953421486733,1.0004876363541
0.29824218749999,1.0111131398054,0.90953547988282,1.0004890278711
0.29843749999999,1.0111374194598,0.90953674711141,1.0004904218226
0.29863281249999,1.0111617330239,0.90953801655521,1.0004918182107
0.29882812499999,1.0111860805263,0.90953928821629,1.0004932170379
0.29902343749999,1.0112104619954,0.90954056209674,1.0004946183064
0.29921874999999,1.0112348774599,0.90954183819865,1.0004960220185
0.29941406249999,1.0112593269482,0.90954311652411,1.0004974281765
0.29960937499999,1.011283810489,0.9095443970752,1.0004988367827
0.29980468749999,1.0113083281109,0.90954567985402,1.0005002478394
0.29999999999999,1.0113328798426,0.90954696486264,1.0005016613489
0.30019531249999,1.0113574657125,0.90954825210315,1.0005030773135
0.30039062499999,1.0113820857495,0.90954954157765,1.0005044957354
0.30058593749999,1.0114067399822,0.90955083328821,1.000505916617
0.30078124999999,1.0114314284393,0.90955212723692,1.0005073399606
0.30097656249999,1.0114561511495,0.90955342342587,1.0005087657685
0.30117187499999,1.0114809081417,0.90955472185714,1.0005101940429
0.30136718749999,1.0115056994445,0.90955602253283,1.0005116247861
0.30156249999999,1.0115305250867,0.90955732545501,1.0005130580005
0.30175781249999,1.0115553850972,0.90955863062578,1.0005144936884
0.30195312499999,1.0115802795048,0.90955993804721,1.0005159318519
0.30214843749999,1.0116052083384,0.90956124772139,1.0005173724935
0.30234374999999,1.0116301716267,0.90956255965041,1.0005188156155
0.30253906249999,1.0116551693988,0.90956387383636,1.00052026122
0.30273437499999,1.0116802016834,0.90956519028131,1.0005217093094
0.30292968749999,1.0117052685096,0.90956650898735,1.0005231598861
0.30312499999999,1.0117303699063,0.90956782995658,1.0005246129522
0.30332031249999,1.0117555059025,0.90956915319106,1.0005260685102
0.30351562499999,1.0117806765271,0.9095704786929,1.0005275265622
0.30371093749999,1.0118058818092,0.90957180646416,1.0005289871106
0.30390624999999,1.0118311217779,0.90957313650694,1.0005304501576
0.30410156249999,1.0118563964621,0.90957446882332,1.0005319157057
0.30429687499999,1.0118817058909,0.90957580341539,1.0005333837569
0.30449218749999,1.0119070500935,0.90957714028522,1.0005348543137
0.30468749999999,1.0119324290989,0.9095784794349,1.0005363273784
0.30488281249999,1.0119578429364,0.90957982086653,1.0005378029532
0.30507812499999,1.011983291635,0.90958116458217,1.0005392810404
0.30527343749999,1.0120087752239,0.90958251058391,1.0005407616423
0.30546874999999,1.0120342937323,0.90958385887384,1.0005422447612
0.30566406249999,1.0120598471896,0.90958520945404,1.0005437303994
0.30585937499999,1.0120854356248,0.90958656232659,1.0005452185593
0.30605468749999,1.0121110590672,0.90958791749358,1.0005467092429
0.30624999999999,1.0121367175462,0.90958927495709,1.0005482024528
0.30644531249999,1.0121624110911,0.9095906347192,1.0005496981911
0.30664062499999,1.0121881397311,0.90959199678199,1.0005511964602
0.30683593749999,1.0122139034957,0.90959336114756,1.0005526972623
0.30703124999999,1.0122397024141,0.90959472781797,1.0005542005998
0.30722656249999,1.0122655365158,0.90959609679531,1.0005557064748
0.30742187499999,1.0122914058302,0.90959746808167,1.0005572148898
0.30761718749999,1.0123173103867,0.90959884167912,1.000558725847
0.30781249999999,1.0123432502147,0.90960021758975,1.0005602393487
0.30800781249999,1.0123692253438,0.90960159581564,1.0005617553972
0.30820312499999,1.0123952358034,0.90960297635888,1.0005632739948
0.30839843749999,1.012421281623,0.90960435922153,1.0005647951437
0.30859374999999,1.0124473628322,0.90960574440569,1.0005663188463
0.30878906249999,1.0124734794605,0.90960713191344,1.0005678451048
0.30898437499999,1.0124996315375,0.90960852174686,1.0005693739215
0.30917968749999,1.0125258190928,0.90960991390802,1.0005709052988
0.30937499999999,1.012552042156,0.90961130839902,1.0005724392389
0.30957031249999,1.0125783007568,0.90961270522193,1.0005739757441
0.30976562499999,1.0126045949248,0.90961410437882,1.0005755148167
0.30996093749999,1.0126309246897,0.90961550587179,1.000577056459
0.31015624999999,1.0126572900811,0.90961690970292,1.0005786006732
0.31035156249999,1.012683691129,0.90961831587427,1.0005801474617
0.31054687499999,1.0127101278628,0.90961972438795,1.0005816968267
0.31074218749999,1.0127366003125,0.90962113524601,1.0005832487706
0.31093749999999,1.0127631085079,0.90962254845055,1.0005848032956
0.31113281249999,1.0127896524786,0.90962396400364,1.000586360404
0.31132812499999,1.0128162322547,0.90962538190737,1.0005879200981
0.31152343749999,1.0128428478658,0.90962680216381,1.0005894823802
0.31171874999999,1.0128694993419,0.90962822477505,1.0005910472526
0.31191406249999,1.0128961867129,0.90962964974316,1.0005926147175
0.31210937499999,1.0129229100088,0.90963107707022,1.0005941847772
0.31230468749999,1.0129496692593,0.90963250675831,1.0005957574341
0.31249999999999,1.0129764644945,0.90963393880952,1.0005973326905
0.31269531249999,1.0130032957444,0.90963537322591,1.0005989105485
0.31289062499999,1.013030163039,0.90963681000957,1.0006004910105
0.31308593749999,1.0130570664083,0.90963824916259,1.0006020740788
0.31328124999999,1.0130840058823,0.90963969068702,1.0006036597557
0.31347656249999,1.0131109814912,0.90964113458497,1.0006052480435
0.31367187499999,1.0131379932649,0.90964258085849,1.0006068389443
0.31386718749999,1.0131650412337,0.90964402950968,1.0006084324607
0.31406249999999,1.0131921254275,0.90964548054061,1.0006100285947
0.31425781249999,1.0132192458767,0.90964693395336,1.0006116273487
0.31445312499999,1.0132464026113,0.90964838975001,1.000613228725
0.31464843749999,1.0132735956617,0.90964984793263,1.0006148327259
0.31484374999999,1.0133008250578,0.9096513085033,1.0006164393536
0.31503906249999,1.0133280908301,0.9096527714641,1.0006180486105
0.31523437499999,1.0133553930088,0.90965423681711,1.0006196604988
0.31542968749999,1.0133827316242,0.90965570456441,1.0006212750208
0.31562499999999,1.0134101067065,0.90965717470806,1.0006228921789
0.31582031249999,1.0134375182861,0.90965864725016,1.0006245119752
0.31601562499999,1.0134649663933,0.90966012219278,1.0006261344121
0.31621093749999,1.0134924510586,0.90966159953798,1.0006277594918
0.31640624999999,1.0135199723123,0.90966307928786,1.0006293872167
0.31660156249999,1.0135475301848,0.90966456144449,1.0006310175889
0.31679687499999,1.0135751247066,0.90966604600994,1.0006326506109
0.31699218749999,1.013602755908,0.90966753298629,1.0006342862849
0.31718749999999,1.0136304238197,0.90966902237562,1.0006359246132
0.31738281249999,1.0136581284721,0.90967051418001,1.000637565598
0.31757812499999,1.0136858698957,0.90967200840152,1.0006392092417
0.31777343749999,1.013713648121,0.90967350504224,1.0006408555465
0.31796874999999,1.0137414631787,0.90967500410424,1.0006425045147
0.31816406249999,1.0137693150993,0.9096765055896,1.0006441561486
0.31835937499999,1.0137972039135,0.90967800950039,1.0006458104504
0.31855468749999,1.0138251296519,0.9096795158387,1.0006474674226
0.31874999999999,1.013853092345,0.90968102460659,1.0006491270672
0.31894531249999,1.0138810920237,0.90968253580613,1.0006507893867
0.31914062499999,1.0139091287186,0.90968404943942,1.0006524543834
0.31933593749999,1.0139372024605,0.90968556550852,1.0006541220594
0.31953124999999,1.01396531328,0.9096870840155,1.000655792417
0.31972656249999,1.0139934612079,0.90968860496244,1.0006574654587
0.31992187499999,1.0140216462752,0.90969012835142,1.0006591411866
0.32011718749999,1.0140498685125,0.90969165418451,1.000660819603
0.32031249999999,1.0140781279507,0.90969318246379,1.0006625007102
0.32050781249999,1.0141064246206,0.90969471319133,1.0006641845105
0.32070312499999,1.0141347585532,0.9096962463692,1.0006658710061
0.32089843749999,1.0141631297793,0.90969778199949,1.0006675601994
0.32109374999999,1.0141915383299,0.90969932008425,1.0006692520927
0.32128906249999,1.0142199842358,0.90970086062558,1.0006709466881
0.32148437499999,1.0142484675282,0.90970240362554,1.0006726439881
0.32167968749999,1.0142769882379,0.9097039490862,1.0006743439948
0.32187499999999,1.0143055463961,0.90970549700964,1.0006760467106
0.32207031249999,1.0143341420336,0.90970704739794,1.0006777521377
0.32226562499999,1.0143627751817,0.90970860025316,1.0006794602785
0.32246093749999,1.0143914458713,0.90971015557739,1.0006811711351
0.32265624999999,1.0144201541336,0.90971171337269,1.00068288471
0.32285156249999,1.0144488999998,0.90971327364114,1.0006846010053
0.32304687499999,1.0144776835009,0.90971483638481,1.0006863200233
0.32324218749999,1.0145065046681,0.90971640160577,1.0006880417663
0.32343749999999,1.0145353635327,0.9097179693061,1.0006897662367
0.32363281249999,1.0145642601258,0.90971953948787,1.0006914934367
0.32382812499999,1.0145931944787,0.90972111215316,1.0006932233685
0.32402343749999,1.0146221666227,0.90972268730403,1.0006949560344
0.32421874999999,1.0146511765891,0.90972426494256,1.0006966914368
0.32441406249999,1.0146802244091,0.90972584507082,1.0006984295779
0.32460937499999,1.0147093101142,0.90972742769089,1.00070017046
0.32480468749999,1.0147384337356,0.90972901280483,1.0007019140853
0.32499999999999,1.0147675953047,0.90973060041472,1.0007036604562
0.32519531249999,1.0147967948531,0.90973219052263,1.0007054095749
0.32539062499999,1.014826032412,0.90973378313063,1.0007071614437
0.32558593749999,1.0148553080129,0.9097353782408,1.0007089160649
0.32578124999999,1.0148846216873,0.90973697585521,1.0007106734407
0.32597656249999,1.0149139734668,0.90973857597592,1.0007124335735
0.32617187499999,1.0149433633828,0.90974017860502,1.0007141964655
0.32636718749999,1.0149727914668,0.90974178374456,1.000715962119
0.32656249999999,1.0150022577505,0.90974339139663,1.0007177305363
0.32675781249999,1.0150317622654,0.9097450015633,1.0007195017196
0.32695312499999,1.0150613050432,0.90974661424663,1.0007212756713
0.32714843749999,1.0150908861155,0.9097482294487,1.0007230523936
0.32734374999999,1.0151205055139,0.90974984717158,1.0007248318887
0.32753906249999,1.0151501632701,0.90975146741733,1.0007266141591
0.32773437499999,1.0151798594158,0.90975309018804,1.0007283992068
0.32792968749999,1.0152095939829,0.90975471548577,1.0007301870343
0.32812499999999,1.0152393670029,0.90975634331259,1.0007319776439
0.32832031249999,1.0152691785078,0.90975797367058,1.0007337710376
0.32851562499999,1.0152990285292,0.9097596065618,1.000735567218
0.32871093749999,1.0153289170991,0.90976124198832,1.0007373661872
0.32890624999999,1.0153588442493,0.90976287995222,1.0007391679474
0.32910156249999,1.0153888100116,0.90976452045556,1.0007409725011
0.32929687499999,1.015418814418,0.90976616350042,1.0007427798505
0.32949218749999,1.0154488575004,0.90976780908887,1.0007445899978
0.32968749999999,1.0154789392906,0.90976945722297,1.0007464029453
0.32988281249999,1.0155090598208,0.9097711079048,1.0007482186953
0.33007812499999,1.0155392191228,0.90977276113642,1.0007500372501
0.33027343749999,1.0155694172288,0.90977441691991,1.0007518586119
0.33046874999999,1.0155996541706,0.90977607525733,1.0007536827831
0.33066406249999,1.0156299299805,0.90977773615076,1.0007555097658
0.33085937499999,1.0156602446904,0.90977939960226,1.0007573395625
0.33105468749999,1.0156905983326,0.90978106561391,1.0007591721753
0.33124999999999,1.0157209909391,0.90978273418778,1.0007610076066
0.33144531249999,1.0157514225421,0.90978440532592,1.0007628458585
0.33164062499999,1.0157818931737,0.90978607903042,1.0007646869335
0.33183593749999,1.0158124028663,0.90978775530334,1.0007665308337
0.33203124999999,1.015842951652,0.90978943414675,1.0007683775614
0.33222656249999,1.0158735395631,0.90979111556272,1.000770227119
0.33242187499999,1.0159041666318,0.90979279955332,1.0007720795086
0.33261718749999,1.0159348328905,0.90979448612061,1.0007739347327
0.33281249999999,1.0159655383715,0.90979617526668,1.0007757927933
0.33300781249999,1.0159962831071,0.90979786699358,1.0007776536929
0.33320312499999,1.0160270671298,0.90979956130338,1.0007795174337
0.33339843749999,1.0160578904719,0.90980125819816,1.000781384018
0.33359374999999,1.0160887531658,0.90980295767997,1.000783253448
0.33378906249999,1.0161196552441,0.9098046597509,1.000785125726
0.33398437499999,1.0161505967392,0.90980636441301,1.0007870008543
0.33417968749999,1.0161815776835,0.90980807166836,1.0007888788352
0.33437499999999,1.0162125981097,0.90980978151902,1.0007907596709
0.33457031249999,1.0162436580502,0.90981149396707,1.0007926433638
0.33476562499999,1.0162747575377,0.90981320901457,1.000794529916
0.33496093749999,1.0163058966048,0.90981492666359,1.00079641933
0.33515624999999,1.0163370752839,0.9098166469162,1.0007983116078
0.33535156249999,1.0163682936079,0.90981836977446,1.0008002067519
0.33554687499999,1.0163995516094,0.90982009524045,1.0008021047645
0.33574218749999,1.0164308493211,0.90982182331622,1.0008040056478
0.33593749999999,1.0164621867757,0.90982355400386,1.0008059094042
0.33613281249999,1.0164935640059,0.90982528730542,1.000807816036
0.33632812499999,1.0165249810446,0.90982702322297,1.0008097255453
0.33652343749999,1.0165564379245,0.90982876175859,1.0008116379344
0.33671874999999,1.0165879346785,0.90983050291433,1.0008135532058
0.33691406249999,1.0166194713393,0.90983224669227,1.0008154713615
0.33710937499999,1.01665104794,0.90983399309447,1.0008173924039
0.33730468749999,1.0166826645133,0.90983574212301,1.0008193163353
0.33749999999999,1.0167143210922,0.90983749377994,1.0008212431579
0.33769531249999,1.0167460177096,0.90983924806734,1.0008231728741
0.33789062499999,1.0167777543986,0.90984100498727,1.000825105486
0.33808593749999,1.0168095311921,0.9098427645418,1.000827040996
0.33828124999999,1.0168413481231,0.90984452673299,1.0008289794063
0.33847656249999,1.0168732052248,0.90984629156292,1.0008309207192
0.33867187499999,1.0169051025301,0.90984805903365,1.000832864937
0.33886718749999,1.0169370400721,0.90984982914724,1.000834812062
0.33906249999999,1.0169690178841,0.90985160190577,1.0008367620963
0.33925781249999,1.0170010359991,0.9098533773113,1.0008387150424
0.33945312499999,1.0170330944503,0.9098551553659,1.0008406709025
0.33964843749999,1.017065193271,0.90985693607163,1.0008426296788
0.33984374999999,1.0170973324943,0.90985871943056,1.0008445913736
0.34003906249999,1.0171295121535,0.90986050544476,1.0008465559892
0.34023437499999,1.0171617322819,0.90986229411629,1.0008485235279
0.34042968749999,1.0171939929128,0.90986408544722,1.0008504939919
0.34062499999999,1.0172262940795,0.90986587943961,1.0008524673836
0.34082031249999,1.0172586358154,0.90986767609554,1.0008544437051
0.34101562499999,1.0172910181538,0.90986947541707,1.0008564229588
0.34121093749999,1.0173234411283,0.90987127740626,1.0008584051469
0.34140624999999,1.0173559047721,0.90987308206519,1.0008603902717
0.34160156249999,1.0173884091187,0.90987488939591,1.0008623783355
0.34179687499999,1.0174209542018,0.90987669940049,1.0008643693405
0.34199218749999,1.0174535400546,0.909878512081,1.0008663632891
0.34218749999999,1.0174861667109,0.90988032743951,1.0008683601835
0.34238281249999,1.0175188342041,0.90988214547808,1.0008703600259
0.34257812499999,1.0175515425679,0.90988396619878,1.0008723628187
0.34277343749999,1.0175842918359,0.90988578960367,1.000874368564
0.34296874999999,1.0176170820416,0.90988761569482,1.0008763772643
0.34316406249999,1.0176499132188,0.9098894444743,1.0008783889217
0.34335937499999,1.0176827854012,0.90989127594417,1.0008804035386
0.34355468749999,1.0177156986225,0.90989311010649,1.0008824211171
0.34374999999999,1.0177486529164,0.90989494696333,1.0008844416597
0.34394531249999,1.0177816483168,0.90989678651677,1.0008864651684
0.34414062499999,1.0178146848573,0.90989862876885,1.0008884916457
0.34433593749999,1.0178477625719,0.90990047372166,1.0008905210938
0.34453124999999,1.0178808814943,0.90990232137725,1.000892553515
0.34472656249999,1.0179140416585,0.90990417173769,1.0008945889115
0.34492187499999,1.0179472430984,0.90990602480504,1.0008966272855
0.34511718749999,1.0179804858479,0.90990788058138,1.0008986686395
0.34531249999999,1.018013769941,0.90990973906877,1.0009007129756
0.34550781249999,1.0180470954116,0.90991160026926,1.0009027602962
0.34570312499999,1.0180804622937,0.90991346418494,1.0009048106034
0.34589843749999,1.0181138706215,0.90991533081786,1.0009068638996
0.34609374999999,1.0181473204289,0.90991720017008,1.0009089201871
0.34628906249999,1.0181808117501,0.90991907224368,1.000910979468
0.34648437499999,1.0182143446192,0.90992094704072,1.0009130417448
0.34667968749999,1.0182479190703,0.90992282456326,1.0009151070196
0.34687499999999,1.0182815351375,0.90992470481337,1.0009171752947
0.34707031249999,1.0183151928552,0.90992658779312,1.0009192465724
0.34726562499999,1.0183488922575,0.90992847350457,1.000921320855
0.34746093749999,1.0183826333786,0.90993036194978,1.0009233981448
0.34765624999999,1.018416416253,0.90993225313082,1.0009254784439
0.34785156249999,1.0184502409148,0.90993414704976,1.0009275617547
0.34804687499999,1.0184841073984,0.90993604370866,1.0009296480795
0.34824218749999,1.0185180157381,0.90993794310959,1.0009317374205
0.34843749999999,1.0185519659684,0.9099398452546,1.0009338297801
0.34863281249999,1.0185859581237,0.90994175014577,1.0009359251604
0.34882812499999,1.0186199922384,0.90994365778517,1.0009380235637
0.34902343749999,1.0186540683469,0.90994556817485,1.0009401249923
0.34921874999999,1.0186881864839,0.90994748131688,1.0009422294486
0.34941406249999,1.0187223466838,0.90994939721333,1.0009443369347
0.34960937499999,1.0187565489811,0.90995131586625,1.0009464474529
0.34980468749999,1.0187907934105,0.90995323727773,1.0009485610055
0.34999999999999,1.0188250800065,0.90995516144982,1.0009506775948
0.35019531249999,1.0188594088039,0.90995708838458,1.000952797223
0.35039062499999,1.0188937798372,0.90995901808409,1.0009549198925
0.35058593749999,1.0189281931411,0.9099609505504,1.0009570456054
0.35078124999999,1.0189626487505,0.90996288578558,1.0009591743641
0.35097656249999,1.0189971466999,0.9099648237917,1.0009613061709
0.35117187499999,1.0190316870242,0.90996676457082,1.0009634410279
0.35136718749999,1.0190662697583,0.90996870812501,1.0009655789375
0.35156249999999,1.0191008949368,0.90997065445633,1.000967719902
0.35175781249999,1.0191355625948,0.90997260356685,1.0009698639235
0.35195312499999,1.019170272767,0.90997455545863,1.0009720110045
0.35214843749999,1.0192050254885,0.90997651013373,1.0009741611471
0.35234374999999,1.019239820794,0.90997846759423,1.0009763143537
0.35253906249999,1.0192746587187,0.90998042784219,1.0009784706264
0.35273437499999,1.0193095392975,0.90998239087966,1.0009806299676
0.35292968749999,1.0193444625654,0.90998435670872,1.0009827923796
0.35312499999999,1.0193794285575,0.90998632533144,1.0009849578646
0.35332031249999,1.0194144373088,0.90998829674987,1.0009871264249
0.35351562499999,1.0194494888546,0.90999027096608,1.0009892980627
0.35371093749999,1.0194845832299,0.90999224798214,1.0009914727804
0.35390624999999,1.0195197204699,0.90999422780011,1.0009936505801
0.35410156249999,1.0195549006098,0.90999621042206,1.0009958314643
0.35429687499999,1.0195901236848,0.90999819585006,1.0009980154351
0.35449218749999,1.0196253897302,0.91000018408616,1.0010002024948
0.35468749999999,1.0196606987812,0.91000217513243,1.0010023926457
0.35488281249999,1.0196960508733,0.91000416899094,1.00100458589
0.35507812499999,1.0197314460416,0.91000616566375,1.0010067822301
0.35527343749999,1.0197668843216,0.91000816515293,1.0010089816682
0.35546874999999,1.0198023657487,0.91001016746054,1.0010111842066
0.35566406249999,1.0198378903584,0.91001217258865,1.0010133898475
0.35585937499999,1.0198734581859,0.91001418053933,1.0010155985933
0.35605468749999,1.019909069267,0.91001619131463,1.0010178104461
0.35624999999999,1.019944723637,0.91001820491663,1.0010200254083
0.35644531249999,1.0199804213315,0.91002022134739,1.0010222434821
0.35664062499999,1.0200161623861,0.91002224060898,1.0010244646699
0.35683593749999,1.0200519468364,0.91002426270345,1.0010266889738
0.35703124999999,1.020087774718,0.91002628763288,1.0010289163962
0.35722656249999,1.0201236460666,0.91002831539933,1.0010311469393
0.35742187499999,1.0201595609178,0.91003034600487,1.0010333806054
0.35761718749999,1.0201955193074,0.91003237945155,1.0010356173967
0.35781249999999,1.0202315212712,0.91003441574146,1.0010378573156
0.35800781249999,1.0202675668448,0.91003645487665,1.0010401003643
0.35820312499999,1.0203036560641,0.91003849685919,1.0010423465451
0.35839843749999,1.020339788965,0.91004054169114,1.0010445958603
0.35859374999999,1.0203759655833,0.91004258937457,1.001046848312
0.35878906249999,1.0204121859549,0.91004463991155,1.0010491039027
0.35898437499999,1.0204484501157,0.91004669330414,1.0010513626346
0.35917968749999,1.0204847581017,0.9100487495544,1.0010536245098
0.35937499999999,1.0205211099489,0.91005080866441,1.0010558895309
0.35957031249999,1.0205575056933,0.91005287063623,1.0010581576998
0.35976562499999,1.0205939453708,0.91005493547192,1.0010604290191
0.35996093749999,1.0206304290177,0.91005700317355,1.0010627034909
0.36015624999999,1.0206669566699,0.91005907374319,1.0010649811175
0.36035156249999,1.0207035283637,0.9100611471829,1.0010672619012
0.36054687499999,1.0207401441351,0.91006322349475,1.0010695458442
0.36074218749999,1.0207768040205,0.9100653026808,1.0010718329489
0.36093749999999,1.0208135080559,0.91006738474312,1.0010741232174
0.36113281249999,1.0208502562777,0.91006946968378,1.0010764166522
0.36132812499999,1.0208870487221,0.91007155750484,1.0010787132553
0.36152343749999,1.0209238854255,0.91007364820838,1.0010810130292
0.36171874999999,1.0209607664241,0.91007574179644,1.0010833159761
0.36191406249999,1.0209976917544,0.91007783827111,1.0010856220982
0.36210937499999,1.0210346614528,0.91007993763445,1.0010879313979
0.36230468749999,1.0210716755557,0.91008203988852,1.0010902438774
0.36249999999999,1.0211087340996,0.9100841450354,1.0010925595389
0.36269531249999,1.0211458371209,0.91008625307714,1.0010948783849
0.36289062499999,1.0211829846561,0.91008836401582,1.0010972004174
0.36308593749999,1.021220176742,0.9100904778535,1.0010995256388
0.36328124999999,1.0212574134149,0.91009259459224,1.0011018540515
0.36347656249999,1.0212946947116,0.91009471423413,1.0011041856575
0.36367187499999,1.0213320206687,0.91009683678121,1.0011065204593
0.36386718749999,1.0213693913228,0.91009896223556,1.0011088584591
0.36406249999999,1.0214068067108,0.91010109059925,1.0011111996592
0.36425781249999,1.0214442668692,0.91010322187434,1.0011135440618
0.36445312499999,1.0214817718349,0.91010535606291,1.0011158916692
0.36464843749999,1.0215193216447,0.910107493167,1.0011182424837
0.36484374999999,1.0215569163354,0.91010963318871,1.0011205965076
0.36503906249999,1.0215945559439,0.91011177613009,1.0011229537431
0.36523437499999,1.0216322405071,0.9101139219932,1.0011253141925
0.36542968749999,1.0216699700619,0.91011607078013,1.0011276778581
0.36562499999999,1.0217077446452,0.91011822249292,1.0011300447422
0.36582031249999,1.0217455642942,0.91012037713366,1.001132414847
0.36601562499999,1.0217834290457,0.91012253470441,1.0011347881749
0.36621093749999,1.0218213389367,0.91012469520724,1.001137164728
0.36640624999999,1.0218592940045,0.91012685864422,1.0011395445086
0.36660156249999,1.0218972942861,0.91012902501741,1.0011419275191
0.36679687499999,1.0219353398186,0.91013119432888,1.0011443137618
0.36699218749999,1.0219734306393,0.91013336658069,1.0011467032388
0.36718749999999,1.0220115667853,0.91013554177493,1.0011490959524
0.36738281249999,1.0220497482939,0.91013771991366,1.001151491905
0.36757812499999,1.0220879752023,0.91013990099894,1.0011538910988
0.36777343749999,1.0221262475479,0.91014208503284,1.0011562935361
0.36796874999999,1.022164565368,0.91014427201743,1.0011586992192
0.36816406249999,1.0222029286999,0.91014646195479,1.0011611081503
0.36835937499999,1.0222413375811,0.91014865484697,1.0011635203317
0.36855468749999,1.0222797920489,0.91015085069606,1.0011659357657
0.36874999999999,1.022318292141,0.9101530495041,1.0011683544545
0.36894531249999,1.0223568378946,0.91015525127319,1.0011707764005
0.36914062499999,1.0223954293474,0.91015745600538,1.0011732016059
0.36933593749999,1.022434066537,0.91015966370275,1.001175630073
0.36953124999999,1.0224727495008,0.91016187436735,1.0011780618041
0.36972656249999,1.0225114782766,0.91016408800127,1.0011804968014
0.36992187499999,1.022550252902,0.91016630460658,1.0011829350672
0.37011718749999,1.0225890734146,0.91016852418533,1.0011853766039
0.37031249999999,1.0226279398523,0.91017074673961,1.0011878214136
0.37050781249999,1.0226668522527,0.91017297227148,1.0011902694986
0.37070312499999,1.0227058106536,0.91017520078301,1.0011927208613
0.37089843749999,1.0227448150929,0.91017743227627,1.0011951755039
0.37109374999999,1.0227838656084,0.91017966675333,1.0011976334287
0.37128906249999,1.0228229622379,0.91018190421626,1.0012000946379
0.37148437499999,1.0228621050195,0.91018414466714,1.0012025591339
0.37167968749999,1.022901293991,0.91018638810803,1.0012050269188
0.37187499999999,1.0229405291904,0.910188634541,1.0012074979951
0.37207031249999,1.0229798106558,0.91019088396812,1.0012099723649
0.37226562499999,1.0230191384251,0.91019313639147,1.0012124500306
0.37246093749999,1.0230585125365,0.91019539181311,1.0012149309944
0.37265624999999,1.0230979330281,0.91019765023512,1.0012174152586
0.37285156249999,1.023137399938,0.91019991165957,1.0012199028255
0.37304687499999,1.0231769133044,0.91020217608852,1.0012223936974
0.37324218749999,1.0232164731655,0.91020444352405,1.0012248878765
0.37343749999999,1.0232560795595,0.91020671396824,1.0012273853651
0.37363281249999,1.0232957325248,0.91020898742315,1.0012298861655
0.37382812499999,1.0233354320996,0.91021126389085,1.0012323902799
0.37402343749999,1.0233751783223,0.91021354337341,1.0012348977108
0.37421874999999,1.0234149712313,0.91021582587292,1.0012374084602
0.37441406249999,1.0234548108649,0.91021811139143,1.0012399225306
0.37460937499999,1.0234946972616,0.91022039993103,1.0012424399241
0.37480468749999,1.0235346304599,0.91022269149378,1.0012449606432
0.37499999999999,1.0235746104984,0.91022498608176,1.0012474846899
0.37519531249999,1.0236146374155,0.91022728369704,1.0012500120667
0.37539062499999,1.0236547112498,0.91022958434169,1.0012525427759
0.37558593749999,1.0236948320399,0.91023188801778,1.0012550768196
0.37578124999999,1.0237349998246,0.91023419472739,1.0012576142001
0.37597656249999,1.0237752146424,0.9102365044726,1.0012601549199
0.37617187499999,1.0238154765321,0.91023881725546,1.001262698981
0.37636718749999,1.0238557855324,0.91024113307807,1.0012652463859
0.37656249999999,1.0238961416821,0.91024345194248,1.0012677971367
0.37675781249999,1.02393654502,0.91024577385078,1.0012703512359
0.37695312499999,1.0239769955851,0.91024809880504,1.0012729086855
0.37714843749999,1.0240174934161,0.91025042680733,1.0012754694881
0.37734374999999,1.0240580385519,0.91025275785973,1.0012780336457
0.37753906249999,1.0240986310316,0.91025509196431,1.0012806011607
0.37773437499999,1.0241392708942,0.91025742912314,1.0012831720355
0.37792968749999,1.0241799581785,0.9102597693383,1.0012857462721
0.37812499999999,1.0242206929238,0.91026211261186,1.0012883238731
0.37832031249999,1.0242614751691,0.91026445894591,1.0012909048405
0.37851562499999,1.0243023049534,0.91026680834251,1.0012934891768
0.37871093749999,1.0243431823161,0.91026916080373,1.0012960768841
0.37890624999999,1.0243841072962,0.91027151633166,1.0012986679648
0.37910156249999,1.024425079933,0.91027387492837,1.0013012624212
0.37929687499999,1.0244661002658,0.91027623659593,1.0013038602555
0.37949218749999,1.0245071683339,0.91027860133643,1.0013064614701
0.37968749999999,1.0245482841765,0.91028096915193,1.0013090660671
0.37988281249999,1.0245894478331,0.91028334004451,1.001311674049
0.38007812499999,1.0246306593431,0.91028571401625,1.0013142854179
0.38027343749999,1.0246719187459,0.91028809106923,1.0013169001762
0.38046874999999,1.0247132260809,0.91029047120552,1.0013195183261
0.38066406249999,1.0247545813878,0.91029285442719,1.0013221398699
0.38085937499999,1.024795984706,0.91029524073633,1.00132476481
0.38105468749999,1.0248374360751,0.91029763013502,1.0013273931485
0.38124999999999,1.0248789355347,0.91030002262532,1.0013300248878
0.38144531249999,1.0249204831245,0.91030241820931,1.0013326600302
0.38164062499999,1.0249620788842,0.91030481688909,1.001335298578
0.38183593749999,1.0250037228535,0.91030721866671,1.0013379405334
0.38203124999999,1.0250454150721,0.91030962354426,1.0013405858987
0.38222656249999,1.0250871555799,0.91031203152382,1.0013432346762
0.38242187499999,1.0251289444166,0.91031444260746,1.0013458868682
0.38261718749999,1.0251707816221,0.91031685679727,1.001348542477
0.38281249999999,1.0252126672364,0.91031927409532,1.0013512015049
0.38300781249999,1.0252546012994,0.91032169450369,1.0013538639541
0.38320312499999,1.0252965838509,0.91032411802446,1.0013565298269
0.38339843749999,1.0253386149312,0.91032654465971,1.0013591991257
0.38359374999999,1.0253806945801,0.91032897441152,1.0013618718527
0.38378906249999,1.0254228228378,0.91033140728197,1.0013645480102
0.38398437499999,1.0254649997444,0.91033384327313,1.0013672276004
0.38417968749999,1.0255072253399,0.91033628238709,1.0013699106258
0.38437499999999,1.0255494996648,0.91033872462592,1.0013725970885
0.38457031249999,1.025591822759,0.91034116999172,1.0013752869909
0.38476562499999,1.025634194663,0.91034361848655,1.0013779803352
0.38496093749999,1.025676615417,0.9103460701125,1.0013806771237
0.38515624999999,1.0257190850613,0.91034852487164,1.0013833773588
0.38535156249999,1.0257616036364,0.91035098276607,1.0013860810427
0.38554687499999,1.0258041711825,0.91035344379786,1.0013887881776
0.38574218749999,1.0258467877402,0.91035590796909,1.001391498766
0.38593749999999,1.02588945335,0.91035837528184,1.00139421281
0.38613281249999,1.0259321680523,0.9103608457382,1.001396930312
0.38632812499999,1.0259749318877,0.91036331934025,1.0013996512743
0.38652343749999,1.0260177448969,0.91036579609006,1.0014023756991
0.38671874999999,1.0260606071203,0.91036827598973,1.0014051035887
0.38691406249999,1.0261035185988,0.91037075904133,1.0014078349455
0.38710937499999,1.0261464793729,0.91037324524695,1.0014105697716
0.38730468749999,1.0261894894835,0.91037573460867,1.0014133080695
0.38749999999999,1.0262325489713,0.91037822712857,1.0014160498414
0.38769531249999,1.0262756578771,0.91038072280873,1.0014187950896
0.38789062499999,1.0263188162418,0.91038322165125,1.0014215438164
0.38808593749999,1.0263620241062,0.9103857236582,1.001424296024
0.38828124999999,1.0264052815114,0.91038822883167,1.0014270517148
0.38847656249999,1.0264485884982,0.91039073717374,1.0014298108911
0.38867187499999,1.0264919451076,0.9103932486865,1.0014325735551
0.38886718749999,1.0265353513807,0.91039576337202,1.0014353397092
0.38906249999999,1.0265788073586,0.9103982812324,1.0014381093556
0.38925781249999,1.0266223130824,0.91040080226973,1.0014408824967
0.38945312499999,1.0266658685932,0.91040332648607,1.0014436591347
0.38964843749999,1.0267094739322,0.91040585388353,1.0014464392719
0.38984374999999,1.0267531291407,0.91040838446419,1.0014492229106
0.39003906249999,1.0267968342598,0.91041091823013,1.0014520100531
0.39023437499999,1.026840589331,0.91041345518344,1.0014548007018
0.39042968749999,1.0268843943955,0.9104159953262,1.0014575948588
0.39062499999999,1.0269282494948,0.91041853866051,1.0014603925266
0.39082031249999,1.0269721546702,0.91042108518845,1.0014631937073
0.39101562499999,1.0270161099632,0.9104236349121,1.0014659984033
0.39121093749999,1.0270601154154,0.91042618783355,1.0014688066169
0.39140624999999,1.0271041710681,0.9104287439549,1.0014716183504
0.39160156249999,1.027148276963,0.91043130327822,1.001474433606
0.39179687499999,1.0271924331418,0.91043386580561,1.0014772523862
0.39199218749999,1.027236639646,0.91043643153916,1.0014800746931
0.39218749999999,1.0272808965174,0.91043900048095,1.001482900529
0.39238281249999,1.0273252037976,0.91044157263307,1.0014857298964
0.39257812499999,1.0273695615284,0.91044414799761,1.0014885627974
0.39277343749999,1.0274139697517,0.91044672657666,1.0014913992343
0.39296874999999,1.0274584285093,0.91044930837232,1.0014942392095
0.39316406249999,1.027502937843,0.91045189338666,1.0014970827253
0.39335937499999,1.0275474977948,0.91045448162178,1.001499929784
0.39355468749999,1.0275921084066,0.91045707307977,1.0015027803877
0.39374999999999,1.0276367697204,0.91045966776272,1.001505634539
0.39394531249999,1.0276814817784,0.91046226567271,1.00150849224
0.39414062499999,1.0277262446224,0.91046486681186,1.001511353493
0.39433593749999,1.0277710582947,0.91046747118223,1.0015142183005
0.39453124999999,1.0278159228375,0.91047007878593,1.0015170866645
0.39472656249999,1.0278608382928,0.91047268962504,1.0015199585875
0.39492187499999,1.027905804703,0.91047530370166,1.0015228340718
0.39511718749999,1.0279508221103,0.91047792101788,1.0015257131197
0.39531249999999,1.027995890557,0.91048054157579,1.0015285957334
0.39550781249999,1.0280410100855,0.91048316537749,1.0015314819152
0.39570312499999,1.0280861807381,0.91048579242506,1.0015343716676
0.39589843749999,1.0281314025574,0.91048842272061,1.0015372649927
0.39609374999999,1.0281766755857,0.91049105626622,1.0015401618928
0.39628906249999,1.0282219998656,0.91049369306399,1.0015430623704
0.39648437499999,1.0282673754397,0.91049633311601,1.0015459664276
0.39667968749999,1.0283128023504,0.91049897642437,1.0015488740668
0.39687499999999,1.0283582806406,0.91050162299118,1.0015517852903
0.39707031249999,1.0284038103527,0.91050427281853,1.0015547001004
0.39726562499999,1.0284493915296,0.9105069259085,1.0015576184994
0.39746093749999,1.028495024214,0.9105095822632,1.0015605404895
0.39765624999999,1.0285407084487,0.91051224188472,1.0015634660732
0.39785156249999,1.0285864442765,0.91051490477516,1.0015663952527
0.39804687499999,1.0286322317403,0.91051757093662,1.0015693280303
0.39824218749999,1.028678070883,0.91052024037119,1.0015722644083
0.39843749999999,1.0287239617476,0.91052291308096,1.0015752043891
0.39863281249999,1.028769904377,0.91052558906804,1.0015781479748
0.39882812499999,1.0288158988144,0.91052826833451,1.001581095168
0.39902343749999,1.0288619451027,0.91053095088249,1.0015840459707
0.39921874999999,1.028908043285,0.91053363671407,1.0015870003855
0.39941406249999,1.0289541934047,0.91053632583134,1.0015899584145
0.39960937499999,1.0290003955048,0.9105390182364,1.00159292006
0.39980468749999,1.0290466496285,0.91054171393136,1.0015958853245
0.39999999999999,1.0290929558193,0.9105444129183,1.0015988542101
0.40019531249999,1.0291393141203,0.91054711519934,1.0016018267193
0.40039062499999,1.029185724575,0.91054982077657,1.0016048028542
0.40058593749999,1.0292321872268,0.91055252965209,1.0016077826173
0.40078124999999,1.0292787021191,0.910555241828,1.0016107660108
0.40097656249999,1.0293252692954,0.9105579573064,1.001613753037
0.40117187499999,1.0293718887992,0.91056067608939,1.0016167436983
0.40136718749999,1.0294185606741,0.91056339817907,1.001619737997
0.40156249999999,1.0294652849638,0.91056612357755,1.0016227359353
0.40175781249999,1.0295120617118,0.91056885228692,1.0016257375156
0.40195312499999,1.0295588909619,0.9105715843093,1.0016287427402
0.40214843749999,1.0296057727579,0.91057431964677,1.0016317516114
0.40234374999999,1.0296527071434,0.91057705830144,1.0016347641316
0.40253906249999,1.0296996941623,0.91057980027542,1.001637780303
0.40273437499999,1.0297467338585,0.91058254557081,1.0016408001279
0.40292968749999,1.0297938262759,0.91058529418971,1.0016438236087
0.40312499999999,1.0298409714584,0.91058804613423,1.0016468507477
0.40332031249999,1.0298881694501,0.91059080140647,1.0016498815471
0.40351562499999,1.0299354202949,0.91059356000853,1.0016529160094
0.40371093749999,1.029982724037,0.91059632194252,1.0016559541368
0.40390624999999,1.0300300807204,0.91059908721055,1.0016589959316
0.40410156249999,1.0300774903894,0.91060185581472,1.0016620413962
0.40429687499999,1.030124953088,0.91060462775713,1.0016650905328
0.40449218749999,1.0301724688607,0.91060740303989,1.0016681433439
0.40468749999999,1.0302200377516,0.91061018166511,1.0016711998316
0.40488281249999,1.0302676598051,0.9106129636349,1.0016742599984
0.40507812499999,1.0303153350656,0.91061574895136,1.0016773238465
0.40527343749999,1.0303630635775,0.9106185376166,1.0016803913783
0.40546874999999,1.0304108453852,0.91062132963272,1.001683462596
0.40566406249999,1.0304586805333,0.91062412500184,1.001686537502
0.40585937499999,1.0305065690662,0.91062692372606,1.0016896160987
0.40605468749999,1.0305545110287,0.9106297258075,1.0016926983882
0.40624999999999,1.0306025064653,0.91063253124825,1.0016957843731
0.40644531249999,1.0306505554207,0.91063534005044,1.0016988740555
0.40664062499999,1.0306986579396,0.91063815221616,1.0017019674378
0.40683593749999,1.0307468140668,0.91064096774754,1.0017050645223
0.40703124999999,1.0307950238471,0.91064378664667,1.0017081653113
0.40722656249999,1.0308432873254,0.91064660891567,1.0017112698072
0.40742187499999,1.0308916045465,0.91064943455666,1.0017143780123
0.40761718749999,1.0309399755554,0.91065226357174,1.0017174899289
0.40781249999999,1.030988400397,0.91065509596302,1.0017206055593
0.40800781249999,1.0310368791165,0.91065793173262,1.0017237249059
0.40820312499999,1.0310854117588,0.91066077088265,1.0017268479709
0.40839843749999,1.031133998369,0.91066361341522,1.0017299747567
0.40859374999999,1.0311826389924,0.91066645933245,1.0017331052657
0.40878906249999,1.0312313336742,0.91066930863644,1.0017362395001
0.40898437499999,1.0312800824595,0.91067216132932,1.0017393774623
0.40917968749999,1.0313288853937,0.91067501741319,1.0017425191545
0.40937499999999,1.0313777425222,0.91067787689018,1.0017456645792
0.40957031249999,1.0314266538902,0.91068073976238,1.0017488137386
0.40976562499999,1.0314756195432,0.91068360603193,1.0017519666351
0.40996093749999,1.0315246395267,0.91068647570094,1.001755123271
0.41015624999999,1.0315737138862,0.91068934877151,1.0017582836487
0.41035156249999,1.0316228426673,0.91069222524578,1.0017614477704
0.41054687499999,1.0316720259155,0.91069510512585,1.0017646156384
0.41074218749999,1.0317212636766,0.91069798841384,1.0017677872552
0.41093749999999,1.0317705559962,0.91070087511187,1.0017709626231
0.41113281249999,1.03181990292,0.91070376522206,1.0017741417443
0.41132812499999,1.0318693044938,0.91070665874652,1.0017773246212
0.41152343749998,1.0319187607635,0.91070955568737,1.0017805112561
0.41171874999998,1.031968271775,0.91071245604674,1.0017837016514
0.41191406249998,1.032017837574,0.91071535982674,1.0017868958094
0.41210937499998,1.0320674582067,0.91071826702949,1.0017900937324
0.41230468749998,1.0321171337191,0.91072117765711,1.0017932954228
0.41249999999998,1.0321668641571,0.91072409171172,1.0017965008829
0.41269531249998,1.0322166495669,0.91072700919545,1.001799710115
0.41289062499998,1.0322664899946,0.9107299301104,1.0018029231214
0.41308593749998,1.0323163854864,0.91073285445871,1.0018061399046
0.41328124999998,1.0323663360887,0.9107357822425,1.0018093604667
0.41347656249998,1.0324163418475,0.91073871346388,1.0018125848103
0.41367187499998,1.0324664028093,0.91074164812499,1.0018158129375
0.41386718749998,1.0325165190205,0.91074458622794,1.0018190448507
0.41406249999998,1.0325666905275,0.91074752777485,1.0018222805523
0.41425781249998,1.0326169173767,0.91075047276786,1.0018255200446
0.41445312499998,1.0326671996147,0.91075342120908,1.00182876333
0.41464843749998,1.032717537288,0.91075637310064,1.0018320104107
0.41484374999998,1.0327679304432,0.91075932844467,1.0018352612891
0.41503906249998,1.032818379127,0.91076228724328,1.0018385159676
0.41523437499998,1.0328688833861,0.91076524949862,1.0018417744485
0.41542968749998,1.0329194432672,0.91076821521279,1.0018450367341
0.41562499999998,1.0329700588171,0.91077118438793,1.0018483028267
0.41582031249998,1.0330207300827,0.91077415702616,1.0018515727288
0.41601562499998,1.0330714571109,0.91077713312962,1.0018548464426
0.41621093749998,1.0331222399485,0.91078011270042,1.0018581239705
0.41640624999998,1.0331730786426,0.91078309574071,1.0018614053148
0.41660156249998,1.0332239732403,0.9107860822526,1.0018646904779
0.41679687499998,1.0332749237884,0.91078907223822,1.001867979462
0.41699218749998,1.0333259303343,0.91079206569971,1.0018712722697
0.41718749999998,1.0333769929251,0.91079506263919,1.0018745689031
0.41738281249998,1.0334281116079,0.9107980630588,1.0018778693647
0.41757812499998,1.0334792864301,0.91080106696066,1.0018811736567
0.41777343749998,1.0335305174389,0.91080407434691,1.0018844817816
0.41796874999998,1.0335818046818,0.91080708521968,1.0018877937416
0.41816406249998,1.0336331482061,0.91081009958109,1.0018911095392
0.41835937499998,1.0336845480593,0.91081311743328,1.0018944291766
0.41855468749998,1.0337360042889,0.91081613877839,1.0018977526562
0.41874999999998,1.0337875169424,0.91081916361854,1.0019010799804
0.41894531249998,1.0338390860675,0.91082219195587,1.0019044111515
0.41914062499998,1.0338907117117,0.91082522379252,1.0019077461718
0.41933593749998,1.0339423939228,0.91082825913061,1.0019110850437
0.41953124999998,1.0339941327486,0.91083129797229,1.0019144277695
0.41972656249998,1.0340459282367,0.91083434031968,1.0019177743517
0.41992187499998,1.0340977804352,0.91083738617493,1.0019211247924
0.42011718749998,1.0341496893917,0.91084043554016,1.0019244790942
0.42031249999998,1.0342016551544,0.91084348841752,1.0019278372593
0.42050781249998,1.0342536777711,0.91084654480915,1.0019311992901
0.42070312499998,1.0343057572899,0.91084960471717,1.0019345651889
0.42089843749998,1.0343578937589,0.91085266814373,1.0019379349581
0.42109374999998,1.0344100872262,0.91085573509096,1.0019413086001
0.42128906249998,1.03446233774,0.91085880556101,1.0019446861171
0.42148437499998,1.0345146453485,0.91086187955601,1.0019480675116
0.42167968749998,1.0345670101001,0.9108649570781,1.0019514527859
0.42187499999998,1.0346194320429,0.91086803812943,1.0019548419424
0.42207031249998,1.0346719112255,0.91087112271212,1.0019582349833
0.42226562499998,1.0347244476962,0.91087421082833,1.0019616319112
0.42246093749998,1.0347770415035,0.9108773024802,1.0019650327282
0.42265624999998,1.034829692696,0.91088039766986,1.0019684374368
0.42285156249998,1.0348824013221,0.91088349639945,1.0019718460394
0.42304687499998,1.0349351674306,0.91088659867113,1.0019752585382
0.42324218749998,1.0349879910701,0.91088970448703,1.0019786749357
0.42343749999998,1.0350408722893,0.91089281384929,1.0019820952342
0.42363281249998,1.035093811137,0.91089592676007,1.0019855194361
0.42382812499998,1.0351468076621,0.9108990432215,1.0019889475437
0.42402343749998,1.0351998619134,0.91090216323573,1.0019923795593
0.42421874999998,1.0352529739397,0.91090528680491,1.0019958154854
0.42441406249998,1.0353061437901,0.91090841393117,1.0019992553243
0.42460937499998,1.0353593715137,0.91091154461667,1.0020026990783
0.42480468749998,1.0354126571595,0.91091467886356,1.0020061467499
0.42499999999998,1.0354660007765,0.91091781667397,1.0020095983414
0.42519531249998,1.035519402414,0.91092095805007,1.0020130538551
0.42539062499998,1.0355728621213,0.91092410299398,1.0020165132934
0.42558593749998,1.0356263799475,0.91092725150788,1.0020199766587
0.42578124999998,1.0356799559421,0.91093040359389,1.0020234439533
0.42597656249998,1.0357335901543,0.91093355925418,1.0020269151796
0.42617187499998,1.0357872826336,0.91093671849089,1.00203039034
0.42636718749998,1.0358410334296,0.91093988130617,1.0020338694368
0.42656249999998,1.0358948425916,0.91094304770217,1.0020373524724
0.42675781249998,1.0359487101694,0.91094621768105,1.0020408394492
0.42695312499998,1.0360026362125,0.91094939124495,1.0020443303695
0.42714843749998,1.0360566207706,0.91095256839604,1.0020478252356
0.42734374999998,1.0361106638934,0.91095574913645,1.0020513240501
0.42753906249998,1.0361647656308,0.91095893346835,1.0020548268152
0.42773437499998,1.0362189260325,0.91096212139388,1.0020583335333
0.42792968749998,1.0362731451486,0.91096531291521,1.0020618442067
0.42812499999998,1.0363274230288,0.91096850803448,1.0020653588379
0.42832031249998,1.0363817597232,0.91097170675386,1.0020688774292
0.42851562499998,1.0364361552818,0.91097490907549,1.002072399983
0.42871093749998,1.0364906097548,0.91097811500153,1.0020759265017
0.42890624999998,1.0365451231922,0.91098132453415,1.0020794569876
0.42910156249998,1.0365996956443,0.91098453767549,1.002082991443
0.42929687499998,1.0366543271613,0.91098775442771,1.0020865298705
0.42949218749998,1.0367090177936,0.91099097479298,1.0020900722723
0.42968749999998,1.0367637675914,0.91099419877345,1.0020936186508
0.42988281249998,1.0368185766053,0.91099742637127,1.0020971690084
0.43007812499998,1.0368734448855,0.91100065758862,1.0021007233475
0.43027343749998,1.0369283724828,0.91100389242764,1.0021042816704
0.43046874999998,1.0369833594476,0.9110071308905,1.0021078439796
0.43066406249998,1.0370384058305,0.91101037297937,1.0021114102773
0.43085937499998,1.0370935116823,0.91101361869639,1.002114980566
0.43105468749998,1.0371486770536,0.91101686804374,1.0021185548481
0.43124999999998,1.0372039019952,0.91102012102358,1.0021221331259
0.43144531249998,1.0372591865579,0.91102337763806,1.0021257154019
0.43164062499998,1.0373145307927,0.91102663788936,1.0021293016783
0.43183593749998,1.0373699347505,0.91102990177963,1.0021328919576
0.43203124999998,1.0374253984822,0.91103316931104,1.0021364862421
0.43222656249998,1.0374809220389,0.91103644048576,1.0021400845343
0.43242187499998,1.0375365054717,0.91103971530595,1.0021436868366
0.43261718749998,1.0375921488318,0.91104299377378,1.0021472931512
0.43281249999998,1.0376478521703,0.91104627589142,1.0021509034806
0.43300781249998,1.0377036155385,0.91104956166102,1.0021545178271
0.43320312499998,1.0377594389878,0.91105285108476,1.0021581361932
0.43339843749998,1.0378153225694,0.91105614416481,1.0021617585813
0.43359374999998,1.0378712663348,0.91105944090334,1.0021653849937
0.43378906249998,1.0379272703355,0.9110627413025,1.0021690154328
0.43398437499998,1.037983334623,0.91106604536449,1.0021726499009
0.43417968749998,1.0380394592488,0.91106935309145,1.0021762884006
0.43437499999998,1.0380956442646,0.91107266448558,1.0021799309341
0.43457031249998,1.0381518897222,0.91107597954902,1.0021835775039
0.43476562499998,1.0382081956732,0.91107929828397,1.0021872281124
0.43496093749998,1.0382645621695,0.91108262069258,1.0021908827618
0.43515624999998,1.0383209892628,0.91108594677704,1.0021945414547
0.43535156249998,1.0383774770052,0.91108927653952,1.0021982041935
0.43554687499998,1.0384340254485,0.91109260998218,1.0022018709804
0.43574218749998,1.0384906346448,0.91109594710721,1.0022055418179
0.43593749999998,1.0385473046461,0.91109928791678,1.0022092167085
0.43613281249998,1.0386040355047,0.91110263241306,1.0022128956544
0.43632812499998,1.0386608272725,0.91110598059823,1.0022165786581
0.43652343749998,1.038717680002,0.91110933247447,1.0022202657219
0.43671874999998,1.0387745937454,0.91111268804396,1.0022239568484
0.43691406249998,1.038831568555,0.91111604730886,1.0022276520397
0.43710937499998,1.0388886044833,0.91111941027137,1.0022313512985
0.43730468749998,1.0389457015826,0.91112277693365,1.002235054627
0.43749999999998,1.0390028599056,0.91112614729789,1.0022387620277
0.43769531249998,1.0390600795048,0.91112952136627,1.0022424735029
0.43789062499998,1.0391173604327,0.91113289914097,1.0022461890551
0.43808593749998,1.0391747027422,0.91113628062417,1.0022499086866
0.43828124999998,1.0392321064859,0.91113966581804,1.0022536323998
0.43847656249998,1.0392895717166,0.91114305472478,1.0022573601973
0.43867187499998,1.0393470984872,0.91114644734657,1.0022610920812
0.43886718749998,1.0394046868506,0.91114984368558,1.0022648280541
0.43906249999998,1.0394623368597,0.911153243744,1.0022685681184
0.43925781249998,1.0395200485676,0.91115664752402,1.0022723122764
0.43945312499998,1.0395778220273,0.91116005502781,1.0022760605306
0.43964843749998,1.039635657292,0.91116346625758,1.0022798128833
0.43984374999998,1.0396935544149,0.91116688121549,1.002283569337
0.44003906249998,1.0397515134491,0.91117029990375,1.0022873298941
0.44023437499998,1.0398095344481,0.91117372232452,1.002291094557
0.44042968749998,1.0398676174651,0.91117714848001,1.002294863328
0.44062499999998,1.0399257625536,0.9111805783724,1.0022986362096
0.44082031249998,1.039983969767,0.91118401200388,1.0023024132043
0.44101562499998,1.040042239159,0.91118744937664,1.0023061943143
0.44121093749998,1.040100570783,0.91119089049286,1.0023099795422
0.44140624999998,1.0401589646927,0.91119433535475,1.0023137688902
0.44160156249998,1.0402174209418,0.91119778396448,1.0023175623609
0.44179687499998,1.0402759395842,0.91120123632426,1.0023213599567
0.44199218749998,1.0403345206735,0.91120469243626,1.0023251616799
0.44218749999998,1.0403931642637,0.9112081523027,1.002328967533
0.44238281249998,1.0404518704087,0.91121161592575,1.0023327775183
0.44257812499998,1.0405106391625,0.91121508330761,1.0023365916384
0.44277343749998,1.0405694705792,0.91121855445049,1.0023404098955
0.44296874999998,1.0406283647128,0.91122202935656,1.0023442322922
0.44316406249998,1.0406873216175,0.91122550802803,1.0023480588308
0.44335937499998,1.0407463413476,0.9112289904671,1.0023518895138
0.44355468749998,1.0408054239573,0.91123247667595,1.0023557243435
0.44374999999998,1.040864569501,0.9112359666568,1.0023595633225
0.44394531249998,1.040923778033,0.91123946041183,1.002363406453
0.44414062499998,1.0409830496079,0.91124295794324,1.0023672537376
0.44433593749998,1.0410423842801,0.91124645925324,1.0023711051786
0.44453124999998,1.0411017821042,0.91124996434402,1.0023749607784
0.44472656249998,1.0411612431348,0.91125347321778,1.0023788205396
0.44492187499998,1.0412207674268,0.91125698587673,1.0023826844644
0.44511718749998,1.0412803550347,0.91126050232306,1.0023865525554
0.44531249999998,1.0413400060134,0.91126402255898,1.0023904248149
0.44550781249998,1.0413997204178,0.91126754658669,1.0023943012454
0.44570312499998,1.0414594983028,0.9112710744084,1.0023981818492
0.44589843749998,1.0415193397234,0.9112746060263,1.0024020666289
0.44609374999998,1.0415792447346,0.9112781414426,1.0024059555869
0.44628906249998,1.0416392133916,0.91128168065951,1.0024098487255
0.44648437499998,1.0416992457495,0.91128522367924,1.0024137460472
0.44667968749998,1.0417593418636,0.91128877050398,1.0024176475544
0.44687499999998,1.0418195017891,0.91129232113594,1.0024215532495
0.44707031249998,1.0418797255814,0.91129587557734,1.0024254631351
0.44726562499998,1.041940013296,0.91129943383038,1.0024293772134
0.44746093749998,1.0420003649881,0.91130299589727,1.002433295487
0.44765624999998,1.0420607807135,0.91130656178022,1.0024372179582
0.44785156249998,1.0421212605277,0.91131013148144,1.0024411446296
0.44804687499998,1.0421818044862,0.91131370500314,1.0024450755034
0.44824218749998,1.042242412645,0.91131728234752,1.0024490105823
0.44843749999998,1.0423030850596,0.91132086351681,1.0024529498685
0.44863281249998,1.042363821786,0.91132444851322,1.0024568933645
0.44882812499998,1.04242462288,0.91132803733895,1.0024608410728
0.44902343749998,1.0424854883977,0.91133162999622,1.0024647929958
0.44921874999998,1.0425464183949,0.91133522648725,1.002468749136
0.44941406249998,1.0426074129278,0.91133882681424,1.0024727094957
0.44960937499998,1.0426684720525,0.91134243097943,1.0024766740774
0.44980468749998,1.0427295958253,0.91134603898501,1.0024806428835
0.44999999999998,1.0427907843023,0.91134965083321,1.0024846159165
0.45019531249998,1.04285203754,0.91135326652625,1.0024885931789
0.45039062499998,1.0429133555945,0.91135688606634,1.002492574673
0.45058593749998,1.0429747385226,0.91136050945571,1.0024965604013
0.45078124999998,1.0430361863806,0.91136413669656,1.0025005503662
0.45097656249998,1.043097699225,0.91136776779113,1.0025045445702
0.45117187499998,1.0431592771126,0.91137140274163,1.0025085430158
0.45136718749998,1.0432209201001,0.91137504155028,1.0025125457053
0.45156249999998,1.0432826282441,0.9113786842193,1.0025165526412
0.45175781249998,1.0433444016014,0.91138233075092,1.002520563826
0.45195312499998,1.0434062402291,0.91138598114737,1.0025245792621
0.45214843749998,1.043468144184,0.91138963541085,1.0025285989519
0.45234374999998,1.0435301135231,0.9113932935436,1.002532622898
0.45253906249998,1.0435921483034,0.91139695554785,1.0025366511026
0.45273437499998,1.0436542485822,0.91140062142581,1.0025406835684
0.45292968749998,1.0437164144166,0.91140429117972,1.0025447202977
0.45312499999998,1.0437786458639,0.9114079648118,1.002548761293
0.45332031249998,1.0438409429813,0.91141164232428,1.0025528065567
0.45351562499998,1.0439033058263,0.91141532371939,1.0025568560913
0.45371093749998,1.0439657344564,0.91141900899935,1.0025609098993
0.45390624999998,1.0440282289289,0.9114226981664,1.002564967983
0.45410156249998,1.0440907893015,0.91142639122276,1.002569030345
0.45429687499998,1.0441534156318,0.91143008817067,1.0025730969877
0.45449218749998,1.0442161079775,0.91143378901236,1.0025771679136
0.45468749999998,1.0442788663965,0.91143749375005,1.0025812431251
0.45488281249998,1.0443416909464,0.91144120238599,1.0025853226246
0.45507812499998,1.0444045816852,0.91144491492241,1.0025894064146
0.45527343749998,1.0444675386709,0.91144863136153,1.0025934944977
0.45546874999998,1.0445305619614,0.9114523517056,1.0025975868762
0.45566406249998,1.0445936516149,0.91145607595685,1.0026016835525
0.45585937499998,1.0446568076895,0.91145980411751,1.0026057845293
0.45605468749998,1.0447200302434,0.91146353618983,1.0026098898088
0.45624999999998,1.0447833193349,0.91146727217604,1.0026139993936
0.45644531249998,1.0448466750223,0.91147101207837,1.0026181132862
0.45664062499998,1.0449100973641,0.91147475589907,1.002622231489
0.45683593749998,1.0449735864186,0.91147850364038,1.0026263540044
0.45703124999998,1.0450371422445,0.91148225530453,1.002630480835
0.45722656249998,1.0451007649003,0.91148601089377,1.0026346119831
0.45742187499998,1.0451644544447,0.91148977041034,1.0026387474514
0.45761718749998,1.0452282109364,0.91149353385648,1.0026428872421
0.45781249999998,1.0452920344343,0.91149730123443,1.0026470313579
0.45800781249998,1.0453559249971,0.91150107254643,1.0026511798011
0.45820312499998,1.0454198826839,0.91150484779474,1.0026553325742
0.45839843749998,1.0454839075535,0.91150862698159,1.0026594896798
0.45859374999998,1.0455479996651,0.91151241010923,1.0026636511202
0.45878906249998,1.0456121590778,0.91151619717991,1.0026678168979
0.45898437499998,1.0456763858508,0.91151998819587,1.0026719870155
0.45917968749998,1.0457406800433,0.91152378315936,1.0026761614753
0.45937499999998,1.0458050417147,0.91152758207263,1.0026803402799
0.45957031249998,1.0458694709242,0.91153138493793,1.0026845234317
0.45976562499998,1.0459339677315,0.9115351917575,1.0026887109333
0.45996093749998,1.045998532196,0.91153900253361,1.002692902787
0.46015624999998,1.0460631643773,0.91154281726849,1.0026970989953
0.46035156249998,1.046127864335,0.9115466359644,1.0027012995608
0.46054687499998,1.046192632129,0.91155045862359,1.0027055044859
0.46074218749998,1.0462574678188,0.91155428524831,1.0027097137731
0.46093749999998,1.0463223714645,0.91155811584083,1.0027139274249
0.46113281249998,1.046387343126,0.91156195040338,1.0027181454437
0.46132812499998,1.0464523828631,0.91156578893824,1.0027223678321
0.46152343749998,1.0465174907361,0.91156963144764,1.0027265945924
0.46171874999998,1.0465826668049,0.91157347793386,1.0027308257272
0.46191406249998,1.0466479111298,0.91157732839915,1.0027350612391
0.46210937499998,1.0467132237711,0.91158118284576,1.0027393011303
0.46230468749998,1.046778604789,0.91158504127595,1.0027435454035
0.46249999999998,1.046844054244,0.91158890369198,1.0027477940612
0.46269531249998,1.0469095721966,0.91159277009612,1.0027520471057
0.46289062499998,1.0469751587072,0.91159664049062,1.0027563045397
0.46308593749998,1.0470408138365,0.91160051487775,1.0027605663655
0.46328124999998,1.0471065376451,0.91160439325976,1.0027648325857
0.46347656249998,1.0471723301937,0.91160827563892,1.0027691032028
0.46367187499998,1.0472381915432,0.91161216201749,1.0027733782192
0.46386718749998,1.0473041217544,0.91161605239774,1.0027776576375
0.46406249999998,1.0473701208883,0.91161994678193,1.0027819414601
0.46425781249998,1.0474361890059,0.91162384517233,1.0027862296896
0.46445312499998,1.0475023261682,0.9116277475712,1.0027905223283
0.46464843749998,1.0475685324364,0.91163165398081,1.0027948193789
0.46484374999998,1.0476348078717,0.91163556440343,1.0027991208438
0.46503906249998,1.0477011525355,0.91163947884133,1.0028034267255
0.46523437499998,1.0477675664889,0.91164339729677,1.0028077370265
0.46542968749998,1.0478340497936,0.91164731977203,1.0028120517492
0.46562499999998,1.0479006025109,0.91165124626937,1.0028163708963
0.46582031249998,1.0479672247024,0.91165517679108,1.0028206944702
0.46601562499998,1.0480339164298,0.91165911133941,1.0028250224733
0.46621093749998,1.0481006777547,0.91166304991664,1.0028293549083
0.46640624999998,1.048167508739,0.91166699252505,1.0028336917776
0.46660156249998,1.0482344094444,0.91167093916691,1.0028380330836
0.46679687499998,1.0483013799329,0.91167488984449,1.0028423788289
0.46699218749998,1.0483684202665,0.91167884456008,1.0028467290161
0.46718749999998,1.0484355305071,0.91168280331594,1.0028510836475
0.46738281249998,1.048502710717,0.91168676611435,1.0028554427258
0.46757812499998,1.0485699609584,0.9116907329576,1.0028598062534
0.46777343749998,1.0486372812934,0.91169470384796,1.0028641742328
0.46796874999998,1.0487046717844,0.9116986787877,1.0028685466665
0.46816406249998,1.0487721324938,0.91170265777912,1.002872923557
0.46835937499998,1.0488396634842,0.91170664082449,1.0028773049069
0.46855468749998,1.048907264818,0.91171062792609,1.0028816907187
0.46874999999998,1.0489749365578,0.9117146190862,1.0028860809948
0.46894531249998,1.0490426787664,0.91171861430711,1.0028904757378
0.46914062499998,1.0491104915066,0.9117226135911,1.0028948749502
0.46933593749998,1.049178374841,0.91172661694046,1.0028992786345
0.46953124999998,1.0492463288327,0.91173062435747,1.0029036867932
0.46972656249998,1.0493143535446,0.91173463584441,1.0029080994289
0.46992187499998,1.0493824490398,0.91173865140358,1.0029125165439
0.47011718749998,1.0494506153814,0.91174267103726,1.002916938141
0.47031249999998,1.0495188526326,0.91174669474773,1.0029213642225
0.47050781249998,1.0495871608566,0.9117507225373,1.002925794791
0.47070312499998,1.0496555401167,0.91175475440824,1.0029302298491
0.47089843749998,1.0497239904765,0.91175879036285,1.0029346693991
0.47109374999998,1.0497925119993,0.91176283040342,1.0029391134438
0.47128906249998,1.0498611047487,0.91176687453224,1.0029435619855
0.47148437499998,1.0499297687883,0.91177092275161,1.0029480150268
0.47167968749998,1.0499985041819,0.91177497506381,1.0029524725702
0.47187499999998,1.0500673109932,0.91177903147114,1.0029569346183
0.47207031249998,1.0501361892861,0.9117830919759,1.0029614011735
0.47226562499998,1.0502051391244,0.91178715658038,1.0029658722384
0.47246093749998,1.0502741605722,0.91179122528688,1.0029703478156
0.47265624999998,1.0503432536935,0.9117952980977,1.0029748279075
0.47285156249998,1.0504124185524,0.91179937501513,1.0029793125166
0.47304687499998,1.0504816552133,0.91180345604147,1.0029838016456
0.47324218749998,1.0505509637403,0.91180754117902,1.0029882952969
0.47343749999998,1.0506203441978,0.91181163043009,1.0029927934731
0.47363281249998,1.0506897966502,0.91181572379697,1.0029972961767
0.47382812499998,1.0507593211621,0.91181982128196,1.0030018034102
0.47402343749998,1.050828917798,0.91182392288737,1.0030063151761
0.47421874999998,1.0508985866227,0.91182802861551,1.0030108314771
0.47441406249998,1.0509683277007,0.91183213846866,1.0030153523155
0.47460937499998,1.0510381410969,0.91183625244915,1.0030198776941
0.47480468749998,1.0511080268763,0.91184037055927,1.0030244076152
0.47499999999998,1.0511779851037,0.91184449280134,1.0030289420815
0.47519531249998,1.0512480158442,0.91184861917765,1.0030334810954
0.47539062499998,1.0513181191629,0.91185274969052,1.0030380246596
0.47558593749998,1.0513882951249,0.91185688434226,1.0030425727765
0.47578124999998,1.0514585437955,0.91186102313517,1.0030471254487
0.47597656249998,1.0515288652401,0.91186516607156,1.0030516826787
0.47617187499998,1.051599259524,0.91186931315376,1.0030562444691
0.47636718749998,1.0516697267128,0.91187346438406,1.0030608108225
0.47656249999998,1.0517402668719,0.91187761976478,1.0030653817413
0.47675781249998,1.051810880067,0.91188177929824,1.0030699572281
0.47695312499998,1.0518815663639,0.91188594298674,1.0030745372854
0.47714843749998,1.0519523258283,0.91189011083261,1.0030791219159
0.47734374999998,1.052023158526,0.91189428283816,1.003083711122
0.47753906249998,1.052094064523,0.9118984590057,1.0030883049063
0.47773437499998,1.0521650438853,0.91190263933756,1.0030929032713
0.47792968749998,1.052236096679,0.91190682383605,1.0030975062197
0.47812499999998,1.0523072229703,0.91191101250348,1.0031021137538
0.47832031249998,1.0523784228253,0.91191520534219,1.0031067258764
0.47851562499998,1.0524496963105,0.91191940235449,1.0031113425899
0.47871093749998,1.0525210434922,0.9119236035427,1.003115963897
0.47890624999998,1.0525924644369,0.91192780890914,1.0031205898001
0.47910156249998,1.0526639592111,0.91193201845614,1.0031252203017
0.47929687499998,1.0527355278814,0.91193623218601,1.0031298554046
0.47949218749998,1.0528071705146,0.9119404501011,1.0031344951112
0.47968749999998,1.0528788871775,0.91194467220371,1.0031391394241
0.47988281249998,1.0529506779368,0.91194889849617,1.0031437883458
0.48007812499998,1.0530225428597,0.91195312898082,1.0031484418789
0.48027343749998,1.0530944820129,0.91195736365998,1.003153100026
0.48046874999998,1.0531664954637,0.91196160253598,1.0031577627896
0.48066406249998,1.0532385832792,0.91196584561114,1.0031624301723
0.48085937499998,1.0533107455266,0.91197009288781,1.0031671021766
0.48105468749998,1.0533829822734,0.9119743443683,1.0031717788051
0.48124999999998,1.0534552935868,0.91197860005495,1.0031764600604
0.48144531249998,1.0535276795344,0.91198285995009,1.0031811459451
0.48164062499998,1.0536001401838,0.91198712405606,1.0031858364617
0.48183593749998,1.0536726756025,0.91199139237518,1.0031905316127
0.48203124999998,1.0537452858584,0.9119956649098,1.0031952314008
0.48222656249998,1.0538179710191,0.91199994166226,1.0031999358285
0.48242187499998,1.0538907311526,0.91200422263487,1.0032046448984
0.48261718749998,1.0539635663269,0.91200850783,1.003209358613
0.48281249999998,1.05403647661,0.91201279724996,1.003214076975
0.48300781249998,1.0541094620699,0.9120170908971,1.0032187999868
0.48320312499998,1.0541825227749,0.91202138877377,1.0032235276511
0.48339843749998,1.0542556587933,0.91202569088229,1.0032282599705
0.48359374999998,1.0543288701934,0.91202999722502,1.0032329969475
0.48378906249998,1.0544021570437,0.91203430780429,1.0032377385847
0.48398437499998,1.0544755194126,0.91203862262245,1.0032424848847
0.48417968749998,1.0545489573689,0.91204294168184,1.00324723585
0.48437499999998,1.054622470981,0.91204726498481,1.0032519914833
0.48457031249998,1.0546960603179,0.91205159253369,1.0032567517871
0.48476562499998,1.0547697254483,0.91205592433084,1.0032615167639
0.48496093749998,1.0548434664412,0.91206026037861,1.0032662864165
0.48515624999998,1.0549172833656,0.91206460067934,1.0032710607473
0.48535156249998,1.0549911762905,0.91206894523538,1.0032758397589
0.48554687499998,1.0550651452851,0.91207329404908,1.003280623454
0.48574218749998,1.0551391904186,0.91207764712279,1.0032854118351
0.48593749999998,1.0552133117604,0.91208200445887,1.0032902049048
0.48613281249998,1.05528750938,0.91208636605965,1.0032950026656
0.48632812499998,1.0553617833466,0.91209073192751,1.0032998051203
0.48652343749998,1.0554361337301,0.91209510206478,1.0033046122713
0.48671874999998,1.0555105605999,0.91209947647383,1.0033094241212
0.48691406249998,1.0555850640258,0.91210385515701,1.0033142406727
0.48710937499998,1.0556596440777,0.91210823811667,1.0033190619283
0.48730468749998,1.0557343008254,0.91211262535518,1.0033238878907
0.48749999999998,1.0558090343389,0.91211701687488,1.0033287185624
0.48769531249998,1.0558838446883,0.91212141267815,1.003333553946
0.48789062499998,1.0559587319437,0.91212581276734,1.0033383940441
0.48808593749998,1.0560336961754,0.9121302171448,1.0033432388593
0.48828124999998,1.0561087374536,0.91213462581291,1.0033480883942
0.48847656249998,1.0561838558489,0.91213903877402,1.0033529426514
0.48867187499998,1.0562590514316,0.91214345603049,1.0033578016335
0.48886718749998,1.0563343242722,0.91214787758469,1.0033626653432
0.48906249999998,1.0564096744415,0.91215230343899,1.0033675337829
0.48925781249998,1.0564851020102,0.91215673359574,1.0033724069553
0.48945312499998,1.056560607049,0.91216116805732,1.0033772848631
0.48964843749998,1.0566361896289,0.91216560682609,1.0033821675087
0.48984374999998,1.0567118498208,0.91217004990442,1.0033870548949
0.49003906249998,1.0567875876959,0.91217449729468,1.0033919470241
0.49023437499998,1.0568634033253,0.91217894899924,1.0033968438992
0.49042968749998,1.0569392967801,0.91218340502046,1.0034017455225
0.49062499999998,1.0570152681317,0.91218786536073,1.0034066518968
0.49082031249998,1.0570913174515,0.9121923300224,1.0034115630246
0.49101562499998,1.0571674448111,0.91219679900786,1.0034164789086
0.49121093749998,1.0572436502819,0.91220127231948,1.0034213995514
0.49140624999998,1.0573199339356,0.91220574995963,1.0034263249556
0.49160156249998,1.0573962958439,0.91221023193069,1.0034312551238
0.49179687499998,1.0574727360788,0.91221471823504,1.0034361900585
0.49199218749998,1.057549254712,0.91221920887504,1.0034411297625
0.49218749999998,1.0576258518156,0.91222370385309,1.0034460742384
0.49238281249998,1.0577025274617,0.91222820317155,1.0034510234887
0.49257812499998,1.0577792817224,0.91223270683282,1.0034559775161
0.49277343749998,1.05785611467,0.91223721483926,1.0034609363232
0.49296874999998,1.0579330263768,0.91224172719326,1.0034658999126
0.49316406249998,1.0580100169153,0.91224624389721,1.0034708682869
0.49335937499998,1.0580870863579,0.91225076495348,1.0034758414488
0.49355468749998,1.0581642347773,0.91225529036447,1.0034808194009
0.49374999999998,1.0582414622461,0.91225982013254,1.0034858021458
0.49394531249998,1.0583187688371,0.9122643542601,1.0034907896861
0.49414062499998,1.0583961546232,0.91226889274953,1.0034957820245
0.49433593749998,1.0584736196773,0.91227343560321,1.0035007791635
0.49453124999998,1.0585511640724,0.91227798282353,1.0035057811059
0.49472656249998,1.0586287878817,0.91228253441289,1.0035107878542
0.49492187499998,1.0587064911783,0.91228709037367,1.003515799411
0.49511718749998,1.0587842740356,0.91229165070826,1.0035208157791
0.49531249999998,1.058862136527,0.91229621541905,1.003525836961
0.49550781249998,1.0589400787258,0.91230078450845,1.0035308629593
0.49570312499998,1.0590181007057,0.91230535797884,1.0035358937767
0.49589843749998,1.0590962025403,0.91230993583261,1.0035409294159
0.49609374999998,1.0591743843033,0.91231451807216,1.0035459698794
0.49628906249998,1.0592526460686,0.91231910469989,1.0035510151699
0.49648437499998,1.05933098791,0.91232369571819,1.00355606529
0.49667968749998,1.0594094099016,0.91232829112947,1.0035611202424
0.49687499999998,1.0594879121174,0.91233289093611,1.0035661800297
0.49707031249998,1.0595664946317,0.91233749514053,1.0035712446546
0.49726562499998,1.0596451575186,0.91234210374512,1.0035763141196
0.49746093749998,1.0597239008526,0.91234671675228,1.0035813884275
0.49765624999998,1.059802724708,0.91235133416441,1.0035864675809
0.49785156249998,1.0598816291594,0.91235595598392,1.0035915515823
0.49804687499998,1.0599606142814,0.91236058221322,1.0035966404345
0.49824218749998,1.0600396801488,0.9123652128547,1.0036017341402
0.49843749999998,1.0601188268363,0.91236984791077,1.0036068327018
0.49863281249998,1.0601980544188,0.91237448738384,1.0036119361222
0.49882812499998,1.0602773629713,0.91237913127631,1.0036170444039
0.49902343749998,1.0603567525688,0.91238377959061,1.0036221575497
0.49921874999998,1.0604362232866,0.91238843232912,1.003627275562
0.49941406249998,1.0605157751999,0.91239308949427,1.0036323984437
0.49960937499998,1.0605954083839,0.91239775108846,1.0036375261973
0.49980468749998,1.0606751229142,0.91240241711412,1.0036426588255
0.49999999999998,1.0607549188663,0.91240708757364,1.003647796331
0.50019531249998,1.0608347963157,0.91241176246944,1.0036529387164
0.50039062499998,1.0609147553382,0.91241644180395,1.0036580859843
0.50058593749998,1.0609947960096,0.91242112557956,1.0036632381375
0.50078124999998,1.0610749184057,0.91242581379871,1.0036683951786
0.50097656249998,1.0611551226026,0.9124305064638,1.0036735571102
0.50117187499998,1.0612354086763,0.91243520357726,1.003678723935
0.50136718749998,1.0613157767029,0.9124399051415,1.0036838956557
0.50156249999998,1.0613962267588,0.91244461115895,1.0036890722748
0.50175781249998,1.0614767589202,0.91244932163202,1.0036942537952
0.50195312499998,1.0615573732636,0.91245403656314,1.0036994402195
0.50214843749998,1.0616380698655,0.91245875595473,1.0037046315502
0.50234374999998,1.0617188488026,0.91246347980921,1.0037098277901
0.50253906249998,1.0617997101515,0.91246820812901,1.0037150289419
0.50273437499998,1.0618806539891,0.91247294091654,1.0037202350082
0.50292968749998,1.0619616803923,0.91247767817425,1.0037254459917
0.50312499999998,1.062042789438,0.91248241990455,1.003730661895
0.50332031249998,1.0621239812034,0.91248716610988,1.0037358827209
0.50351562499998,1.0622052557656,0.91249191679266,1.0037411084719
0.50371093749998,1.0622866132018,0.91249667195532,1.0037463391508
0.50390624999998,1.0623680535896,0.91250143160029,1.0037515747603
0.50410156249998,1.0624495770063,0.91250619573001,1.003756815303
0.50429687499998,1.0625311835294,0.9125109643469,1.0037620607816
0.50449218749998,1.0626128732367,0.9125157374534,1.0037673111987
0.50468749999998,1.0626946462058,0.91252051505195,1.0037725665571
0.50488281249998,1.0627765025146,0.91252529714497,1.0037778268595
0.50507812499998,1.062858442241,0.91253008373491,1.0037830921084
0.50527343749998,1.0629404654632,0.9125348748242,1.0037883623066
0.50546874999998,1.063022572259,0.91253967041529,1.0037936374568
0.50566406249998,1.0631047627069,0.91254447051059,1.0037989175617
0.50585937499998,1.0631870368851,0.91254927511257,1.0038042026238
0.50605468749998,1.0632693948719,0.91255408422366,1.003809492646
0.50624999999998,1.063351836746,0.9125588978463,1.0038147876309
0.50644531249998,1.0634343625859,0.91256371598293,1.0038200875812
0.50664062499998,1.0635169724703,0.91256853863599,1.0038253924996
0.50683593749998,1.0635996664779,0.91257336580793,1.0038307023887
0.50703124999998,1.0636824446877,0.9125781975012,1.0038360172513
0.50722656249998,1.0637653071786,0.91258303371824,1.0038413370901
0.50742187499998,1.0638482540298,0.9125878744615,1.0038466619077
0.50761718749998,1.0639312853203,0.91259271973342,1.0038519917068
0.50781249999998,1.0640144011295,0.91259756953646,1.0038573264901
0.50800781249998,1.0640976015367,0.91260242387306,1.0038626662604
0.50820312499998,1.0641808866213,0.91260728274568,1.0038680110202
0.50839843749998,1.0642642564631,0.91261214615676,1.0038733607724
0.50859374999998,1.0643477111415,0.91261701410876,1.0038787155196
0.50878906249998,1.0644312507363,0.91262188660413,1.0038840752645
0.50898437499998,1.0645148753274,0.91262676364532,1.0038894400099
0.50917968749998,1.0645985849948,0.9126316452348,1.0038948097583
0.50937499999998,1.0646823798184,0.91263653137501,1.0039001845125
0.50957031249998,1.0647662598785,0.91264142206841,1.0039055642753
0.50976562499998,1.0648502252552,0.91264631731747,1.0039109490492
0.50996093749998,1.064934276029,0.91265121712464,1.0039163388371
0.51015624999998,1.0650184122801,0.91265612149238,1.0039217336416
0.51035156249998,1.0651026340893,0.91266103042314,1.0039271334655
0.51054687499998,1.0651869415371,0.9126659439194,1.0039325383113
0.51074218749998,1.0652713347042,0.91267086198361,1.003937948182
0.51093749999998,1.0653558136714,0.91267578461824,1.0039433630801
0.51113281249998,1.0654403785198,0.91268071182575,1.0039487830083
0.51132812499998,1.0655250293303,0.91268564360861,1.0039542079695
0.51152343749998,1.065609766184,0.91269057996928,1.0039596379662
0.51171874999998,1.0656945891623,0.91269552091023,1.0039650730013
0.51191406249998,1.0657794983463,0.91270046643393,1.0039705130773
0.51210937499998,1.0658644938176,0.91270541654285,1.0039759581971
0.51230468749998,1.0659495756577,0.91271037123945,1.0039814083634
0.51249999999998,1.0660347439482,0.91271533052621,1.0039868635788
0.51269531249998,1.0661199987707,0.91272029440559,1.0039923238462
0.51289062499998,1.0662053402073,0.91272526288008,1.0039977891681
0.51308593749998,1.0662907683397,0.91273023595215,1.0040032595474
0.51328124999998,1.06637628325,0.91273521362426,1.0040087349867
0.51347656249998,1.0664618850203,0.9127401958989,1.0040142154888
0.51367187499998,1.066547573733,0.91274518277853,1.0040197010564
0.51386718749998,1.0666333494702,0.91275017426565,1.0040251916922
0.51406249999998,1.0667192123144,0.91275517036272,1.004030687399
0.51425781249998,1.0668051623482,0.91276017107223,1.0040361881794
0.51445312499998,1.0668911996542,0.91276517639665,1.0040416940363
0.51464843749998,1.0669773243151,0.91277018633846,1.0040472049723
0.51484374999998,1.0670635364139,0.91277520090016,1.0040527209902
0.51503906249998,1.0671498360333,0.91278022008421,1.0040582420926
0.51523437499998,1.0672362232565,0.91278524389311,1.0040637682824
0.51542968749998,1.0673226981666,0.91279027232934,1.0040692995623
0.51562499999998,1.0674092608469,0.91279530539538,1.0040748359349
0.51582031249998,1.0674959113806,0.91280034309372,1.0040803774031
0.51601562499998,1.0675826498514,0.91280538542685,1.0040859239695
0.51621093749998,1.0676694763426,0.91281043239726,1.004091475637
0.51640624999998,1.067756390938,0.91281548400743,1.0040970324082
0.51660156249998,1.0678433937214,0.91282054025985,1.0041025942858
0.51679687499998,1.0679304847765,0.91282560115703,1.0041081612727
0.51699218749998,1.0680176641875,0.91283066670144,1.0041137333716
0.51718749999998,1.0681049320383,0.91283573689558,1.0041193105851
0.51738281249998,1.0681922884131,0.91284081174195,1.0041248929161
0.51757812499998,1.0682797333963,0.91284589124304,1.0041304803673
0.51777343749998,1.0683672670721,0.91285097540135,1.0041360729415
0.51796874999998,1.0684548895251,0.91285606421937,1.0041416706413
0.51816406249998,1.0685426008399,0.9128611576996,1.0041472734696
0.51835937499998,1.0686304011012,0.91286625584454,1.004152881429
0.51855468749998,1.0687182903938,0.91287135865668,1.0041584945224
0.51874999999998,1.0688062688025,0.91287646613854,1.0041641127524
0.51894531249998,1.0688943364125,0.91288157829261,1.0041697361219
0.51914062499998,1.0689824933088,0.91288669512139,1.0041753646335
0.51933593749998,1.0690707395767,0.91289181662739,1.0041809982901
0.51953124999998,1.0691590753015,0.9128969428131,1.0041866370944
0.51972656249998,1.0692475005685,0.91290207368105,1.0041922810491
0.51992187499998,1.0693360154635,0.91290720923372,1.0041979301571
0.52011718749998,1.0694246200719,0.91291234947363,1.004203584421
0.52031249999998,1.0695133144797,0.91291749440329,1.0042092438436
0.52050781249998,1.0696020987726,0.91292264402521,1.0042149084277
0.52070312499998,1.0696909730365,0.91292779834189,1.0042205781761
0.52089843749998,1.0697799373577,0.91293295735584,1.0042262530914
0.52109374999998,1.0698689918222,0.91293812106959,1.0042319331765
0.52128906249998,1.0699581365163,0.91294328948563,1.0042376184342
0.52148437499998,1.0700473715265,0.91294846260649,1.0042433088671
0.52167968749998,1.0701366969393,0.91295364043468,1.0042490044782
0.52187499999998,1.0702261128412,0.91295882297271,1.00425470527
0.52207031249998,1.070315619319,0.91296401022311,1.0042604112454
0.52226562499998,1.0704052164595,0.91296920218838,1.0042661224072
0.52246093749999,1.0704949043496,0.91297439887105,1.0042718387582
0.52265624999999,1.0705846830765,0.91297960027363,1.004277560301
0.52285156249999,1.0706745527272,0.91298480639865,1.0042832870385
0.52304687499999,1.0707645133889,0.91299001724863,1.0042890189735
0.52324218749999,1.0708545651492,0.91299523282608,1.0042947561087
0.52343749999999,1.0709447080953,0.91300045313354,1.0043004984469
0.52363281249999,1.071034942315,0.91300567817352,1.0043062459909
0.52382812499999,1.071125267896,0.91301090794856,1.0043119987434
0.52402343749999,1.071215684926,0.91301614246117,1.0043177567073
0.52421874999999,1.0713061934929,0.91302138171389,1.0043235198853
0.52441406249999,1.0713967936848,0.91302662570924,1.0043292882802
0.52460937499999,1.0714874855898,0.91303187444975,1.0043350618947
0.52480468749999,1.0715782692962,0.91303712793794,1.0043408407317
0.52499999999999,1.0716691448922,0.91304238617636,1.004346624794
0.52519531249999,1.0717601124664,0.91304764916754,1.0043524140843
0.52539062499999,1.0718511721075,0.91305291691399,1.0043582086054
0.52558593749999,1.0719423239039,0.91305818941827,1.0043640083601
0.52578124999999,1.0720335679446,0.91306346668289,1.0043698133512
0.52597656249999,1.0721249043185,0.91306874871041,1.0043756235815
0.52617187499999,1.0722163331145,0.91307403550335,1.0043814390537
0.52636718749999,1.0723078544218,0.91307932706425,1.0043872597707
0.52656249999999,1.0723994683297,0.91308462339565,1.0043930857352
0.52675781249999,1.0724911749275,0.91308992450009,1.0043989169501
0.52695312499999,1.0725829743046,0.91309523038011,1.0044047534181
0.52714843749999,1.0726748665507,0.91310054103825,1.0044105951421
0.52734374999999,1.0727668517554,0.91310585647705,1.0044164421248
0.52753906249999,1.0728589300086,0.91311117669906,1.004422294369
0.52773437499999,1.0729511014001,0.91311650170682,1.0044281518775
0.52792968749999,1.07304336602,0.91312183150286,1.0044340146532
0.52812499999999,1.0731357239584,0.91312716608975,1.0044398826987
0.52832031249999,1.0732281753056,0.91313250547003,1.004445756017
0.52851562499999,1.073320720152,0.91313784964624,1.0044516346109
0.52871093749999,1.0734133585879,0.91314319862093,1.004457518483
0.52890624999999,1.0735060907042,0.91314855239666,1.0044634076363
0.52910156249999,1.0735989165913,0.91315391097597,1.0044693020736
0.52929687499999,1.0736918363402,0.91315927436141,1.0044752017975
0.52949218749999,1.0737848500419,0.91316464255554,1.0044811068111
0.52968749999999,1.0738779577872,0.91317001556091,1.004487017117
0.52988281249999,1.0739711596675,0.91317539338007,1.0044929327181
0.53007812499999,1.0740644557741,0.91318077601559,1.0044988536171
0.53027343749999,1.0741578461981,0.91318616347001,1.004504779817
0.53046874999999,1.0742513310313,0.91319155574589,1.0045107113205
0.53066406249999,1.0743449103652,0.9131969528458,1.0045166481304
0.53085937499999,1.0744385842916,0.91320235477229,1.0045225902495
0.53105468749999,1.0745323529024,0.91320776152792,1.0045285376807
0.53124999999999,1.0746262162894,0.91321317311525,1.0045344904268
0.53144531249999,1.0747201745448,0.91321858953684,1.0045404484905
0.53164062499999,1.0748142277608,0.91322401079527,1.0045464118748
0.53183593749999,1.0749083760298,0.91322943689308,1.0045523805824
0.53203124999999,1.0750026194441,0.91323486783285,1.0045583546161
0.53222656249999,1.0750969580963,0.91324030361714,1.0045643339789
0.53242187499999,1.0751913920791,0.91324574424852,1.0045703186734
0.53261718749999,1.0752859214852,0.91325118972955,1.0045763087025
0.53281249999999,1.0753805464077,0.91325664006281,1.0045823040691
0.53300781249999,1.0754752669394,0.91326209525086,1.004588304776
0.53320312499999,1.0755700831736,0.91326755529628,1.0045943108259
0.53339843749999,1.0756649952034,0.91327302020164,1.0046003222218
0.53359374999999,1.0757600031223,0.9132784899695,1.0046063389665
0.53378906249999,1.0758551070238,0.91328396460245,1.0046123610627
0.53398437499999,1.0759503070015,0.91328944410305,1.0046183885134
0.53417968749999,1.076045603149,0.91329492847389,1.0046244213213
0.53437499999999,1.0761409955604,0.91330041771754,1.0046304594893
0.53457031249999,1.0762364843294,0.91330591183657,1.0046365030202
0.53476562499999,1.0763320695502,0.91331141083356,1.0046425519169
0.53496093749999,1.0764277513171,0.9133169147111,1.0046486061822
0.53515624999999,1.0765235297243,0.91332242347176,1.0046546658189
0.53535156249999,1.0766194048662,0.91332793711812,1.0046607308299
0.53554687499999,1.0767153768376,0.91333345565278,1.0046668012181
0.53574218749999,1.0768114457329,0.9133389790783,1.0046728769861
0.53593749999999,1.0769076116471,0.91334450739727,1.004678958137
0.53613281249999,1.077003874675,0.91335004061229,1.0046850446735
0.53632812499999,1.0771002349117,0.91335557872592,1.0046911365985
0.53652343749999,1.0771966924524,0.91336112174077,1.0046972339148
0.53671874999999,1.0772932473924,0.91336666965942,1.0047033366254
0.53691406249999,1.077389899827,0.91337222248445,1.0047094447329
0.53710937499999,1.0774866498517,0.91337778021846,1.0047155582403
0.53730468749999,1.0775834975623,0.91338334286404,1.0047216771504
0.53749999999999,1.0776804430546,0.91338891042378,1.0047278014662
0.53769531249999,1.0777774864243,0.91339448290027,1.0047339311903
0.53789062499999,1.0778746277675,0.91340006029611,1.0047400663257
0.53808593749999,1.0779718671804,0.91340564261389,1.0047462068753
0.53828124999999,1.0780692047592,0.9134112298562,1.0047523528418
0.53847656249999,1.0781666406002,0.91341682202564,1.0047585042282
0.53867187499999,1.0782641748001,0.91342241912481,1.0047646610373
0.53886718749999,1.0783618074554,0.91342802115631,1.0047708232719
0.53906249999999,1.0784595386628,0.91343362812274,1.004776990935
0.53925781249999,1.0785573685193,0.91343924002669,1.0047831640294
0.53945312499999,1.0786552971218,0.91344485687077,1.0047893425578
0.53964843749999,1.0787533245675,0.91345047865758,1.0047955265233
0.53984374999999,1.0788514509535,0.91345610538972,1.0048017159287
0.54003906249999,1.0789496763773,0.9134617370698,1.0048079107768
0.54023437499999,1.0790480009364,0.91346737370042,1.0048141110705
0.54042968749999,1.0791464247284,0.91347301528419,1.0048203168126
0.54062499999999,1.0792449478509,0.91347866182372,1.0048265280061
0.54082031249999,1.079343570402,0.91348431332161,1.0048327446538
0.54101562499999,1.0794422924794,0.91348996978046,1.0048389667585
0.54121093749999,1.0795411141815,0.9134956312029,1.0048451943232
0.54140624999999,1.0796400356064,0.91350129759153,1.0048514273507
0.54160156249999,1.0797390568525,0.91350696894897,1.0048576658439
0.54179687499999,1.0798381780182,0.91351264527782,1.0048639098056
0.54199218749999,1.0799373992022,0.9135183265807,1.0048701592388
0.54218749999999,1.0800367205033,0.91352401286022,1.0048764141462
0.54238281249999,1.0801361420203,0.913529704119,1.0048826745309
0.54257812499999,1.0802356638522,0.91353540035966,1.0048889403956
0.54277343749999,1.0803352860981,0.91354110158481,1.0048952117433
0.54296874999999,1.0804350088572,0.91354680779707,1.0049014885768
0.54316406249999,1.080534832229,0.91355251899907,1.004907770899
0.54335937499999,1.080634756313,0.91355823519341,1.0049140587127
0.54355468749999,1.0807347812087,0.91356395638272,1.004920352021
0.54374999999999,1.080834907016,0.91356968256963,1.0049266508266
0.54394531249999,1.0809351338347,0.91357541375676,1.0049329551324
0.54414062499999,1.0810354617648,0.91358114994673,1.0049392649414
0.54433593749999,1.0811358909065,0.91358689114216,1.0049455802564
0.54453124999999,1.0812364213601,0.91359263734569,1.0049519010803
0.54472656249999,1.0813370532259,0.91359838855994,1.0049582274159
0.54492187499999,1.0814377866044,0.91360414478753,1.0049645592663
0.54511718749999,1.0815386215964,0.91360990603109,1.0049708966342
0.54531249999999,1.0816395583027,0.91361567229327,1.0049772395226
0.54550781249999,1.081740596824,0.91362144357668,1.0049835879343
0.54570312499999,1.0818417372615,0.91362721988395,1.0049899418723
0.54589843749999,1.0819429797164,0.91363300121773,1.0049963013395
0.54609374999999,1.0820443242899,0.91363878758064,1.0050026663387
0.54628906249999,1.0821457710836,0.91364457897531,1.0050090368728
0.54648437499999,1.0822473201988,0.91365037540439,1.0050154129448
0.54667968749999,1.0823489717375,0.91365617687051,1.0050217945576
0.54687499999999,1.0824507258012,0.91366198337631,1.0050281817139
0.54707031249999,1.0825525824922,0.91366779492442,1.0050345744169
0.54726562499999,1.0826545419123,0.91367361151749,1.0050409726692
0.54746093749999,1.0827566041639,0.91367943315815,1.005047376474
0.54765624999999,1.0828587693493,0.91368525984905,1.005053785834
0.54785156249999,1.0829610375709,0.91369109159283,1.0050602007521
0.54804687499999,1.0830634089314,0.91369692839212,1.0050666212313
0.54824218749999,1.0831658835335,0.91370277024958,1.0050730472745
0.54843749999999,1.0832684614802,0.91370861716785,1.0050794788846
0.54863281249999,1.0833711428744,0.91371446914958,1.0050859160645
0.54882812499999,1.0834739278192,0.91372032619741,1.0050923588171
0.54902343749999,1.083576816418,0.91372618831398,1.0050988071454
0.54921874999999,1.0836798087741,0.91373205550196,1.0051052610522
0.54941406249999,1.0837829049911,0.91373792776398,1.0051117205404
0.54960937499999,1.0838861051727,0.91374380510271,1.005118185613
0.54980468749999,1.0839894094227,0.91374968752078,1.0051246562729
0.54999999999999,1.084092817845,0.91375557502086,1.0051311325229
0.55019531249999,1.0841963305438,0.91376146760559,1.0051376143661
0.55039062499999,1.0842999476231,0.91376736527763,1.0051441018054
0.55058593749999,1.0844036691874,0.91377326803964,1.0051505948436
0.55078124999999,1.0845074953412,0.91377917589427,1.0051570934837
0.55097656249999,1.084611426189,0.91378508884417,1.0051635977286
0.55117187499999,1.0847154618356,0.91379100689202,1.0051701075812
0.55136718749999,1.084819602386,0.91379693004046,1.0051766230445
0.55156249999999,1.0849238479451,0.91380285829216,1.0051831441214
0.55175781249999,1.085028198618,0.91380879164977,1.0051896708147
0.55195312499999,1.0851326545102,0.91381473011596,1.0051962031276
0.55214843749999,1.085237215727,0.9138206736934,1.0052027410627
0.55234374999999,1.085341882374,0.91382662238474,1.0052092846232
0.55253906249999,1.0854466545569,0.91383257619265,1.0052158338119
0.55273437499999,1.0855515323815,0.91383853511979,1.0052223886318
0.55292968749999,1.0856565159538,0.91384449916884,1.0052289490857
0.55312499999999,1.0857616053799,0.91385046834245,1.0052355151767
0.55332031249999,1.0858668007662,0.91385644264331,1.0052420869076
0.55351562499999,1.0859721022189,0.91386242207407,1.0052486642815
0.55371093749999,1.0860775098446,0.91386840663741,1.0052552473012
0.55390624999999,1.08618302375,0.913874396336,1.0052618359696
0.55410156249999,1.0862886440418,0.91388039117251,1.0052684302898
0.55429687499999,1.0863943708271,0.91388639114961,1.0052750302646
0.55449218749999,1.0865002042129,0.91389239626998,1.005281635897
0.55468749999999,1.0866061443064,0.91389840653629,1.0052882471899
0.55488281249999,1.086712191215,0.91390442195122,1.0052948641463
0.55507812499999,1.0868183450462,0.91391044251745,1.0053014867692
0.55527343749999,1.0869246059077,0.91391646823765,1.0053081150614
0.55546874999999,1.0870309739071,0.91392249911451,1.005314749026
0.55566406249999,1.0871374491524,0.91392853515069,1.0053213886658
0.55585937499999,1.0872440317518,0.91393457634889,1.0053280339838
0.55605468749999,1.0873507218133,0.91394062271178,1.005334684983
0.55624999999999,1.0874575194454,0.91394667424205,1.0053413416662
0.55644531249999,1.0875644247565,0.91395273094237,1.0053480040366
0.55664062499999,1.0876714378552,0.91395879281544,1.005354672097
0.55683593749999,1.0877785588503,0.91396485986394,1.0053613458503
0.55703124999999,1.0878857878508,0.91397093209055,1.0053680252996
0.55722656249999,1.0879931249656,0.91397700949797,1.0053747104478
0.55742187499999,1.0881005703039,0.91398309208887,1.0053814012978
0.55761718749999,1.0882081239751,0.91398917986596,1.0053880978526
0.55781249999999,1.0883157860887,0.91399527283191,1.0053948001151
0.55800781249999,1.0884235567542,0.91400137098942,1.0054015080884
0.55820312499999,1.0885314360815,0.91400747434119,1.0054082217753
0.55839843749999,1.0886394241804,0.91401358288989,1.0054149411789
0.55859374999999,1.088747521161,0.91401969663824,1.0054216663021
0.55878906249999,1.0888557271334,0.91402581558891,1.0054283971478
0.55898437499999,1.0889640422081,0.91403193974461,1.0054351337191
0.55917968749999,1.0890724664954,0.91403806910804,1.0054418760188
0.55937499999999,1.089181000106,0.91404420368188,1.0054486240501
0.55957031249999,1.0892896431507,0.91405034346885,1.0054553778157
0.55976562499999,1.0893983957404,0.91405648847163,1.0054621373188
0.55996093749999,1.0895072579861,0.91406263869293,1.0054689025622
0.56015624999999,1.0896162299991,0.91406879413544,1.005475673549
0.56035156249999,1.0897253118906,0.91407495480188,1.0054824502821
0.56054687499999,1.0898345037723,0.91408112069494,1.0054892327644
0.56074218749999,1.0899438057556,0.91408729181732,1.0054960209991
0.56093749999999,1.0900532179524,0.91409346817174,1.0055028149889
0.56113281249999,1.0901627404747,0.91409964976089,1.005509614737
0.56132812499999,1.0902723734345,0.91410583658749,1.0055164202462
0.56152343749999,1.0903821169439,0.91411202865423,1.0055232315197
0.56171874999999,1.0904919711155,0.91411822596384,1.0055300485602
0.56191406249999,1.0906019360617,0.91412442851901,1.0055368713709
0.56210937499999,1.0907120118951,0.91413063632245,1.0055436999547
0.56230468749999,1.0908221987287,0.91413684937689,1.0055505343146
0.56249999999999,1.0909324966753,0.91414306768502,1.0055573744535
0.56269531249999,1.091042905848,0.91414929124957,1.0055642203745
0.56289062499999,1.0911534263601,0.91415552007324,1.0055710720806
0.56308593749999,1.0912640583251,0.91416175415876,1.0055779295746
0.56328124999999,1.0913748018564,0.91416799350883,1.0055847928597
0.56347656249999,1.0914856570677,0.91417423812617,1.0055916619388
0.56367187499999,1.091596624073,0.9141804880135,1.0055985368149
0.56386718749999,1.0917077029862,0.91418674317354,1.0056054174909
0.56406249999999,1.0918188939215,0.91419300360901,1.0056123039699
0.56425781249999,1.0919301969931,0.91419926932262,1.0056191962549
0.56445312499999,1.0920416123155,0.9142055403171,1.0056260943488
0.56464843749999,1.0921531400033,0.91421181659517,1.0056329982547
0.56484374999999,1.0922647801713,0.91421809815956,1.0056399079755
0.56503906249999,1.0923765329344,0.91422438501298,1.0056468235143
0.56523437499999,1.0924883984076,0.91423067715816,1.005653744874
0.56542968749999,1.092600376706,0.91423697459782,1.0056606720576
0.56562499999999,1.0927124679452,0.9142432773347,1.0056676050682
0.56582031249999,1.0928246722405,0.91424958537151,1.0056745439087
0.56601562499999,1.0929369897077,0.91425589871099,1.0056814885821
0.56621093749999,1.0930494204625,0.91426221735587,1.0056884390915
0.56640625,1.0931619646209,0.91426854130888,1.0056953954398
0.5666015625,1.093274622299,0.91427487057273,1.00570235763
0.566796875,1.0933873936131,0.91428120515018,1.0057093256652
0.5669921875,1.0935002786796,0.91428754504395,1.0057162995483
0.5671875,1.0936132776151,0.91429389025677,1.0057232792825
0.5673828125,1.0937263905363,0.91430024079138,1.0057302648705
0.567578125,1.0938396175601,0.91430659665052,1.0057372563156
0.5677734375,1.0939529588035,0.91431295783691,1.0057442536206
0.56796875,1.0940664143838,0.9143193243533,1.0057512567886
0.5681640625,1.0941799844182,0.91432569620243,1.0057582658227
0.568359375,1.0942936690243,0.91433207338702,1.0057652807257
0.5685546875,1.0944074683197,0.91433845590983,1.0057723015008
0.56875,1.0945213824222,0.91434484377359,1.005779328151
0.5689453125,1.0946354114498,0.91435123698105,1.0057863606792
0.569140625,1.0947495555206,0.91435763553494,1.0057933990884
0.5693359375,1.0948638147529,0.91436403943802,1.0058004433818
0.56953125,1.0949781892651,0.91437044869301,1.0058074935623
0.5697265625,1.0950926791758,0.91437686330268,1.0058145496329
0.569921875,1.0952072846038,0.91438328326976,1.0058216115967
0.5701171875,1.0953220056679,0.914389708597,1.0058286794567
0.5703125,1.0954368424872,0.91439613928715,1.0058357532159
0.5705078125,1.095551795181,0.91440257534296,1.0058428328773
0.570703125,1.0956668638686,0.91440901676717,1.0058499184439
0.5708984375,1.0957820486695,0.91441546356254,1.0058570099188
0.57109375,1.0958973497035,0.91442191573181,1.005864107305
0.5712890625,1.0960127670903,0.91442837327775,1.0058712106055
0.571484375,1.09612830095,0.91443483620309,1.0058783198234
0.5716796875,1.0962439514028,0.9144413045106,1.0058854349617
0.571875,1.0963597185689,0.91444777820304,1.0058925560233
0.5720703125,1.0964756025689,0.91445425728314,1.0058996830115
0.572265625,1.0965916035235,0.91446074175368,1.005906815929
0.5724609375,1.0967077215533,0.91446723161741,1.0059139547791
0.57265625,1.0968239567794,0.91447372687708,1.0059210995648
0.5728515625,1.0969403093229,0.91448022753546,1.005928250289
0.573046875,1.097056779305,0.9144867335953,1.0059354069548
0.5732421875,1.0971733668474,0.91449324505937,1.0059425695653
0.5734375,1.0972900720714,0.91449976193042,1.0059497381235
0.5736328125,1.097406895099,0.91450628421123,1.0059569126323
0.573828125,1.097523836052,0.91451281190454,1.005964093095
0.5740234375,1.0976408950525,0.91451934501313,1.0059712795144
0.57421875,1.0977580722228,0.91452588353977,1.0059784718937
0.5744140625,1.0978753676853,0.91453242748721,1.0059856702359
0.574609375,1.0979927815626,0.91453897685822,1.005992874544
0.5748046875,1.0981103139774,0.91454553165557,1.0060000848211
0.575,1.0982279650526,0.91455209188203,1.0060073010702
0.5751953125,1.0983457349114,0.91455865754037,1.0060145232944
0.575390625,1.0984636236768,0.91456522863335,1.0060217514967
0.5755859375,1.0985816314724,0.91457180516375,1.0060289856801
0.57578125,1.0986997584216,0.91457838713434,1.0060362258478
0.5759765625,1.0988180046482,0.9145849745479,1.0060434720027
0.576171875,1.0989363702762,0.91459156740719,1.0060507241479
0.5763671875,1.0990548554294,0.91459816571499,1.0060579822865
0.5765625,1.0991734602323,0.91460476947407,1.0060652464215
0.5767578125,1.0992921848091,0.91461137868721,1.0060725165559
0.576953125,1.0994110292844,0.91461799335719,1.0060797926929
0.5771484375,1.0995299937828,0.91462461348678,1.0060870748355
0.57734375,1.0996490784294,0.91463123907877,1.0060943629866
0.5775390625,1.0997682833491,0.91463787013593,1.0061016571495
0.577734375,1.0998876086672,0.91464450666103,1.0061089573271
0.5779296875,1.100007054509,0.91465114865687,1.0061162635226
0.578125,1.100126621,0.91465779612623,1.0061235757389
0.5783203125,1.1002463082661,0.91466444907188,1.0061308939791
0.578515625,1.1003661164331,0.91467110749661,1.0061382182463
0.5787109375,1.100486045627,0.9146777714032,1.0061455485435
0.57890625,1.100606095974,0.91468444079445,1.0061528848739
0.5791015625,1.1007262676006,0.91469111567312,1.0061602272404
0.579296875,1.1008465606333,0.91469779604202,1.0061675756462
0.5794921875,1.1009669751987,0.91470448190393,1.0061749300943
0.5796875,1.101087511424,0.91471117326163,1.0061822905878
0.5798828125,1.1012081694359,0.91471787011792,1.0061896571297
0.580078125,1.1013289493619,0.91472457247558,1.0061970297231
0.5802734375,1.1014498513294,0.91473128033741,1.0062044083712
0.58046875,1.1015708754658,0.9147379937062,1.0062117930768
0.5806640625,1.1016920218989,0.91474471258473,1.0062191838432
0.580859375,1.1018132907567,0.91475143697581,1.0062265806734
0.5810546875,1.1019346821673,0.91475816688223,1.0062339835704
0.58125,1.1020561962588,0.91476490230677,1.0062413925375
0.5814453125,1.1021778331598,0.91477164325225,1.0062488075775
0.581640625,1.1022995929988,0.91477838972144,1.0062562286936
0.5818359375,1.1024214759047,0.91478514171716,1.0062636558889
0.58203125,1.1025434820062,0.9147918992422,1.0062710891664
0.5822265625,1.1026656114327,0.91479866229935,1.0062785285293
0.582421875,1.1027878643133,0.91480543089142,1.0062859739806
0.5826171875,1.1029102407775,0.91481220502121,1.0062934255233
0.5828125,1.103032740955,0.91481898469151,1.0063008831607
0.5830078125,1.1031553649756,0.91482576990513,1.0063083468956
0.583203125,1.1032781129692,0.91483256066488,1.0063158167314
0.5833984375,1.1034009850661,0.91483935697355,1.0063232926709
0.58359375,1.1035239813965,0.91484615883396,1.0063307747174
0.5837890625,1.103647102091,0.9148529662489,1.0063382628738
0.583984375,1.1037703472803,0.91485977922118,1.0063457571433
0.5841796875,1.1038937170952,0.91486659775361,1.006353257529
0.584375,1.1040172116667,0.91487342184899,1.0063607640339
0.5845703125,1.1041408311261,0.91488025151014,1.0063682766612
0.584765625,1.1042645756048,0.91488708673986,1.0063757954138
0.5849609375,1.1043884452342,0.91489392754096,1.0063833202951
0.58515625,1.1045124401463,0.91490077391626,1.0063908513079
0.5853515625,1.1046365604728,0.91490762586856,1.0063983884554
0.585546875,1.1047608063459,0.91491448340068,1.0064059317407
0.5857421875,1.1048851778978,0.91492134651543,1.006413481167
0.5859375,1.105009675261,0.91492821521562,1.0064210367372
0.5861328125,1.1051342985682,0.91493508950407,1.0064285984545
0.586328125,1.1052590479521,0.91494196938359,1.0064361663219
0.5865234375,1.1053839235458,0.914948854857,1.0064437403427
0.58671875,1.1055089254823,0.91495574592711,1.0064513205198
0.5869140625,1.1056340538951,0.91496264259675,1.0064589068564
0.587109375,1.1057593089176,0.91496954486874,1.0064664993556
0.5873046875,1.1058846906836,0.91497645274588,1.0064740980205
0.5875,1.1060101993269,0.914983366231,1.0064817028541
0.5876953125,1.1061358349817,0.91499028532692,1.0064893138596
0.587890625,1.1062615977821,0.91499721003647,1.0064969310401
0.5880859375,1.1063874878626,0.91500414036246,1.0065045543987
0.58828125,1.1065135053578,0.91501107630771,1.0065121839385
0.5884765625,1.1066396504025,0.91501801787506,1.0065198196626
0.588671875,1.1067659231316,0.91502496506732,1.0065274615741
0.5888671875,1.1068923236803,0.91503191788733,1.0065351096761
0.5890625,1.107018852184,0.91503887633789,1.0065427639717
0.5892578125,1.1071455087781,0.91504584042186,1.006550424464
0.589453125,1.1072722935984,0.91505281014204,1.0065580911562
0.5896484375,1.1073992067808,0.91505978550127,1.0065657640514
0.58984375,1.1075262484612,0.91506676650237,1.0065734431526
0.5900390625,1.107653418776,0.91507375314819,1.006581128463
0.590234375,1.1077807178616,0.91508074544153,1.0065888199857
0.5904296875,1.1079081458546,0.91508774338525,1.0065965177238
0.590625,1.1080357028919,0.91509474698217,1.0066042216804
0.5908203125,1.1081633891103,0.91510175623512,1.0066119318586
0.591015625,1.1082912046471,0.91510877114693,1.0066196482616
0.5912109375,1.1084191496397,0.91511579172044,1.0066273708925
0.59140625,1.1085472242255,0.91512281795849,1.0066350997543
0.5916015625,1.1086754285424,0.9151298498639,1.0066428348503
0.591796875,1.1088037627282,0.91513688743952,1.0066505761835
0.5919921875,1.1089322269211,0.91514393068818,1.006658323757
0.5921875,1.1090608212593,0.91515097961272,1.006666077574
0.5923828125,1.1091895458813,0.91515803421598,1.0066738376376
0.592578125,1.1093184009258,0.9151650945008,1.0066816039509
0.5927734375,1.1094473865316,0.91517216047001,1.006689376517
0.59296875,1.1095765028377,0.91517923212646,1.0066971553391
0.5931640625,1.1097057499835,0.91518630947298,1.0067049404203
0.593359375,1.1098351281083,0.91519339251243,1.0067127317637
0.5935546875,1.1099646373518,0.91520048124764,1.0067205293724
0.59375,1.1100942778537,0.91520757568145,1.0067283332496
0.5939453125,1.110224049754,0.91521467581672,1.0067361433984
0.594140625,1.1103539531929,0.91522178165627,1.0067439598219
0.5943359375,1.1104839883107,0.91522889320297,1.0067517825233
0.59453125,1.1106141552481,0.91523601045965,1.0067596115056
0.5947265625,1.1107444541457,0.91524313342917,1.0067674467721
0.594921875,1.1108748851446,0.91525026211436,1.0067752883258
0.5951171875,1.1110054483858,0.91525739651808,1.0067831361699
0.5953125,1.1111361440106,0.91526453664318,1.0067909903075
0.5955078125,1.1112669721607,0.91527168249251,1.0067988507418
0.595703125,1.1113979329776,0.91527883406891,1.0068067174758
0.5958984375,1.1115290266033,0.91528599137523,1.0068145905128
0.59609375,1.1116602531799,0.91529315441434,1.0068224698558
0.5962890625,1.1117916128496,0.91530032318907,1.006830355508
0.596484375,1.1119231057549,0.91530749770229,1.0068382474725
0.5966796875,1.1120547320386,0.91531467795685,1.0068461457525
0.596875,1.1121864918435,0.91532186395559,1.0068540503512
0.5970703125,1.1123183853126,0.91532905570139,1.0068619612715
0.597265625,1.1124504125892,0.91533625319708,1.0068698785168
0.5974609375,1.1125825738167,0.91534345644554,1.0068778020901
0.59765625,1.1127148691389,0.9153506654496,1.0068857319946
0.5978515625,1.1128472986995,0.91535788021214,1.0068936682334
0.598046875,1.1129798626425,0.91536510073601,1.0069016108096
0.5982421875,1.1131125611123,0.91537232702407,1.0069095597265
0.5984375,1.1132453942532,0.91537955907918,1.0069175149871
0.5986328125,1.1133783622098,0.9153867969042,1.0069254765946
0.598828125,1.1135114651271,0.91539404050199,1.0069334445522
0.5990234375,1.1136447031499,0.91540128987541,1.0069414188629
0.59921875,1.1137780764236,0.91540854502732,1.0069493995301
0.5994140625,1.1139115850937,0.91541580596059,1.0069573865566
0.599609375,1.1140452293054,0.91542307267808,1.0069653799459
0.5998046875,1.1141790092049,0.91543034518265,1.0069733797009
0.6,1.1143129249381,0.91543762347717,1.0069813858249
0.6001953125,1.1144469219531,0.91544490232787,1.0069893925607
0.600390625,1.114580945593,0.91545218172796,1.0069973999008
0.6005859375,1.1147149957422,0.91545946167076,1.0070054078378
0.60078125,1.1148490722863,0.91546674214957,1.0070134163645
0.6009765625,1.1149831751109,0.91547402315774,1.0070214254735
0.601171875,1.1151173041024,0.91548130468863,1.0070294351575
0.6013671875,1.1152514591477,0.91548858673564,1.0070374454092
0.6015625,1.1153856401342,0.91549586929218,1.0070454562214
0.6017578125,1.1155198469496,0.91550315235167,1.0070534675868
0.601953125,1.1156540794824,0.91551043590758,1.0070614794983
0.6021484375,1.1157883376212,0.91551771995339,1.0070694919487
0.60234375,1.1159226212555,0.91552500448259,1.0070775049309
0.6025390625,1.116056930275,0.91553228948872,1.0070855184376
0.602734375,1.1161912645699,0.91553957496531,1.0070935324618
0.6029296875,1.1163256240309,0.91554686090594,1.0071015469965
0.603125,1.116460008549,0.91555414730419,1.0071095620346
0.6033203125,1.1165944180158,0.91556143415367,1.007117577569
0.603515625,1.1167288523233,0.91556872144801,1.0071255935928
0.6037109375,1.116863311364,0.91557600918087,1.007133610099
0.60390625,1.1169977950305,0.91558329734592,1.0071416270805
0.6041015625,1.1171323032162,0.91559058593684,1.0071496445305
0.604296875,1.1172668358147,0.91559787494736,1.0071576624421
0.6044921875,1.1174013927201,0.91560516437121,1.0071656808083
0.6046875,1.1175359738269,0.91561245420214,1.0071736996224
0.6048828125,1.1176705790298,0.91561974443393,1.0071817188773
0.605078125,1.1178052082242,0.91562703506037,1.0071897385664
0.6052734375,1.1179398613057,0.91563432607528,1.0071977586828
0.60546875,1.1180745381704,0.91564161747249,1.0072057792197
0.6056640625,1.1182092387145,0.91564890924586,1.0072138001704
0.605859375,1.118343962835,0.91565620138926,1.0072218215282
0.6060546875,1.118478710429,0.91566349389657,1.0072298432862
0.60625,1.1186134813939,0.91567078676172,1.0072378654379
0.6064453125,1.1187482756277,0.91567807997864,1.0072458879765
0.606640625,1.1188830930287,0.91568537354127,1.0072539108954
0.6068359375,1.1190179334954,0.91569266744358,1.0072619341879
0.60703125,1.1191527969268,0.91569996167957,1.0072699578475
0.6072265625,1.1192876832222,0.91570725624323,1.0072779818676
0.607421875,1.1194225922813,0.9157145511286,1.0072860062415
0.6076171875,1.1195575240041,0.91572184632971,1.0072940309627
0.6078125,1.1196924782909,0.91572914184063,1.0073020560247
0.6080078125,1.1198274550425,0.91573643765544,1.007310081421
0.608203125,1.1199624541599,0.91574373376824,1.0073181071451
0.6083984375,1.1200974755445,0.91575103017314,1.0073261331905
0.60859375,1.1202325190979,0.91575832686428,1.0073341595507
0.6087890625,1.1203675847222,0.91576562383581,1.0073421862194
0.608984375,1.1205026723197,0.9157729210819,1.0073502131901
0.6091796875,1.1206377817931,0.91578021859673,1.0073582404564
0.609375,1.1207729130455,0.91578751637452,1.007366268012
0.6095703125,1.1209080659801,0.91579481440949,1.0073742958504
0.609765625,1.1210432405006,0.91580211269587,1.0073823239655
0.6099609375,1.1211784365109,0.91580941122792,1.0073903523507
0.61015625,1.1213136539153,0.91581670999992,1.0073983809999
0.6103515625,1.1214488926185,0.91582400900616,1.0074064099068
0.61054687500001,1.1215841525252,0.91583130824095,1.007414439065
0.61074218750001,1.1217194335407,0.91583860769861,1.0074224684685
0.61093750000001,1.1218547355705,0.91584590737348,1.0074304981108
0.61113281250001,1.1219900585203,0.91585320725994,1.0074385279859
0.61132812500001,1.1221254022963,0.91586050735234,1.0074465580876
0.61152343750001,1.122260766805,0.91586780764509,1.0074545884096
0.61171875000001,1.1223961519529,0.9158751081326,1.0074626189459
0.61191406250001,1.1225315576471,0.91588240880928,1.0074706496902
0.61210937500001,1.1226669837948,0.91588970966959,1.0074786806366
0.61230468750001,1.1228024303037,0.91589701070798,1.0074867117788
0.61250000000001,1.1229378970817,0.91590431191893,1.0074947431108
0.61269531250001,1.1230733840368,0.91591161329692,1.0075027746266
0.61289062500001,1.1232088910775,0.91591891483648,1.0075108063201
0.61308593750001,1.1233444181126,0.9159262165321,1.0075188381853
0.61328125000001,1.123479965051,0.91593351837835,1.0075268702162
0.61347656250001,1.1236155318021,0.91594082036977,1.0075349024067
0.61367187500001,1.1237511182754,0.91594812250094,1.007542934751
0.61386718750001,1.1238867243808,0.91595542476643,1.0075509672431
0.61406250000001,1.1240223500284,0.91596272716086,1.0075589998769
0.61425781250001,1.1241579951286,0.91597002967884,1.0075670326467
0.61445312500001,1.124293659592,0.91597733231501,1.0075750655465
0.61464843750001,1.1244293433298,0.91598463506402,1.0075830985704
0.61484375000001,1.1245650462529,0.91599193792052,1.0075911317126
0.61503906250001,1.124700768273,0.91599924087921,1.0075991649671
0.61523437500001,1.1248365093018,0.91600654393477,1.0076071983282
0.61542968750001,1.1249722692513,0.91601384708192,1.0076152317901
0.61562500000001,1.1251080480338,0.91602115031538,1.0076232653469
0.61582031250001,1.1252438455619,0.9160284536299,1.0076312989929
0.61601562500001,1.1253796617484,0.91603575702023,1.0076393327223
0.61621093750001,1.1255154965063,0.91604306048114,1.0076473665293
0.61640625000001,1.125651349749,0.91605036400742,1.0076554004082
0.61660156250001,1.1257872213901,0.91605766759387,1.0076634343533
0.61679687500001,1.1259231113434,0.9160649712353,1.0076714683588
0.61699218750001,1.126059019523,0.91607227492655,1.0076795024192
0.61718750000001,1.1261949458434,0.91607957866246,1.0076875365287
0.61738281250001,1.126330890219,0.9160868824379,1.0076955706817
0.61757812500001,1.1264668525649,0.91609418624773,1.0077036048725
0.61777343750001,1.126602832796,0.91610149008685,1.0077116390955
0.61796875000001,1.1267388308279,0.91610879395016,1.0077196733452
0.61816406250001,1.126874846576,0.91611609783258,1.0077277076158
0.61835937500001,1.1270108799562,0.91612340172905,1.007735741902
0.61855468750001,1.1271469308846,0.9161307056345,1.0077437761979
0.61875000000001,1.127282999278,0.9161380095439,1.0077518104983
0.61894531250001,1.1274190850523,0.91614531345224,1.0077598447975
0.61914062500001,1.1275551881248,0.91615261735448,1.0077678790899
0.61933593750001,1.1276913084124,0.91615992124565,1.0077759133702
0.61953125000001,1.1278274458325,0.91616722512076,1.0077839476328
0.61972656250001,1.1279636003026,0.91617452897485,1.0077919818723
0.61992187500001,1.1280997717406,0.91618183280295,1.0078000160832
0.62011718750001,1.1282359600646,0.91618913660012,1.0078080502601
0.62031250000001,1.1283721651926,0.91619644036146,1.0078160843976
0.62050781250001,1.1285083870434,0.91620374408203,1.0078241184902
0.62070312500001,1.1286446255356,0.91621104775695,1.0078321525326
0.62089843750001,1.1287808805883,0.91621835138132,1.0078401865195
0.62109375000001,1.1289171521206,0.91622565495029,1.0078482204453
0.62128906250001,1.129053440052,0.91623295845898,1.0078562543049
0.62148437500001,1.1291897443021,0.91624026190256,1.0078642880928
0.62167968750001,1.129326064791,0.91624756527621,1.0078723218038
0.62187500000001,1.1294624014386,0.91625486857509,1.0078803554326
0.62207031250001,1.1295987541655,0.91626217179441,1.0078883889739
0.62226562500001,1.1297351228921,0.91626947492939,1.0078964224223
0.62246093750001,1.1298715075392,0.91627677797524,1.0079044557728
0.62265625000001,1.130007908028,0.9162840809272,1.0079124890199
0.62285156250001,1.1301443242797,0.91629138378052,1.0079205221586
0.62304687500001,1.1302807562158,0.91629868653047,1.0079285551835
0.62324218750001,1.130417203758,0.91630598917233,1.0079365880896
0.62343750000001,1.1305536668282,0.91631329170138,1.0079446208715
0.62363281250001,1.1306901453485,0.91632059411293,1.0079526535242
0.62382812500001,1.1308266392414,0.91632789640229,1.0079606860425
0.62402343750001,1.1309631484295,0.9163351985648,1.0079687184213
0.62421875000001,1.1310996728354,0.9163425005958,1.0079767506554
0.62441406250001,1.1312362123824,0.91634980249064,1.0079847827397
0.62460937500001,1.1313727669935,0.9163571042447,1.0079928146692
0.62480468750001,1.1315093365923,0.91636440585335,1.0080008464387
0.62500000000001,1.1316459211024,0.91637170731199,1.0080088780432
0.62519531250001,1.1317825204477,0.91637900861603,1.0080169094776
0.62539062500001,1.1319191345523,0.91638630976088,1.008024940737
0.62558593750001,1.1320557633405,0.91639361074198,1.0080329718162
0.62578125000001,1.1321924067369,0.91640091155478,1.0080410027103
0.62597656250001,1.1323290646661,0.91640821219473,1.0080490334142
0.62617187500001,1.132465737053,0.9164155126573,1.008057063923
0.62636718750001,1.1326024238229,0.91642281293799,1.0080650942318
0.62656250000001,1.1327391249011,0.91643011303227,1.0080731243355
0.62675781250001,1.1328758402132,0.91643741293567,1.0080811542292
0.62695312500001,1.1330125696848,0.9164447126437,1.0080891839081
0.62714843750001,1.133149313242,0.9164520121519,1.0080972133671
0.62734375000001,1.133286070811,0.91645931145581,1.0081052426014
0.62753906250001,1.1334228423181,0.91646661055099,1.0081132716061
0.62773437500001,1.1335596276899,0.91647390943301,1.0081213003763
0.62792968750001,1.1336964268532,0.91648120809745,1.0081293289072
0.62812500000001,1.1338332397349,0.91648850653991,1.0081373571939
0.62832031250001,1.1339700662624,0.916495804756,1.0081453852316
0.62851562500001,1.1341069063629,0.91650310274133,1.0081534130155
0.62871093750001,1.134243759964,0.91651040049154,1.0081614405407
0.62890625000001,1.1343806269935,0.91651769800227,1.0081694678025
0.62910156250001,1.1345175073795,0.91652499526917,1.0081774947961
0.62929687500001,1.13465440105,0.91653229228792,1.0081855215167
0.62949218750001,1.1347913079334,0.91653958905419,1.0081935479596
0.62968750000001,1.1349282279584,0.91654688556367,1.00820157412
0.62988281250001,1.1350651610537,0.91655418181207,1.0082095999933
0.63007812500001,1.1352021071481,0.91656147779511,1.0082176255746
0.63027343750001,1.135339066171,0.9165687735085,1.0082256508594
0.63046875000001,1.1354760380517,0.916576068948,1.0082336758428
0.63066406250001,1.1356130227196,0.91658336410935,1.0082417005203
0.63085937500001,1.1357500201045,0.91659065898831,1.0082497248871
0.63105468750001,1.1358870301364,0.91659795358065,1.0082577489387
0.63125000000001,1.1360240527453,0.91660524788217,1.0082657726704
0.63144531250001,1.1361610878615,0.91661254188867,1.0082737960775
0.63164062500001,1.1362981354155,0.91661983559594,1.0082818191555
0.63183593750001,1.136435195338,0.91662712899982,1.0082898418998
0.63203125000001,1.1365722675599,0.91663442209613,1.0082978643057
0.63222656250001,1.1367093520122,0.91664171488072,1.0083058863688
0.63242187500001,1.1368464486261,0.91664900734944,1.0083139080844
0.63261718750001,1.1369835573331,0.91665629949816,1.008321929448
0.63281250000001,1.1371206780648,0.91666359132276,1.008329950455
0.63300781250001,1.1372578107529,0.91667088281914,1.0083379711011
0.63320312500001,1.1373949553295,0.91667817398318,1.0083459913815
0.63339843750001,1.1375321117266,0.91668546481081,1.0083540112919
0.63359375000001,1.1376692798767,0.91669275529794,1.0083620308277
0.63378906250001,1.1378064597122,0.91670004544051,1.0083700499846
0.63398437500001,1.1379436511659,0.91670733523448,1.0083780687579
0.63417968750001,1.1380808541706,0.91671462467578,1.0083860871434
0.63437500000001,1.1382180686594,0.91672191376041,1.0083941051364
0.63457031250001,1.1383552945655,0.91672920248432,1.0084021227328
0.63476562500001,1.1384925318224,0.91673649084353,1.0084101399279
0.63496093750001,1.1386297803636,0.91674377883402,1.0084181567174
0.63515625000001,1.138767040123,0.91675106645181,1.008426173097
0.63535156250001,1.1389043110344,0.91675835369293,1.0084341890622
0.63554687500001,1.139041593032,0.9167656405534,1.0084422046087
0.63574218750001,1.1391788860502,0.91677292702928,1.0084502197322
0.63593750000001,1.1393161900233,0.91678021311663,1.0084582344283
0.63613281250001,1.139453504886,0.91678749881151,1.0084662486927
0.63632812500001,1.1395908305732,0.91679478410999,1.008474262521
0.63652343750001,1.1397281670199,0.91680206900818,1.008482275909
0.63671875000001,1.1398655141612,0.91680935350217,1.0084902888524
0.63691406250001,1.1400028719325,0.91681663758807,1.0084983013469
0.63710937500001,1.1401402402693,0.916823921262,1.0085063133882
0.63730468750001,1.1402776191072,0.9168312045201,1.0085143249721
0.63750000000001,1.1404150083822,0.91683848735851,1.0085223360944
0.63769531250001,1.1405524080303,0.91684576977339,1.0085303467507
0.63789062500001,1.1406898179876,0.9168530517609,1.008538356937
0.63808593750001,1.1408272381905,0.91686033331721,1.0085463666489
0.63828125000001,1.1409646685756,0.91686761443851,1.0085543758824
0.63847656250001,1.1411021090795,0.916874895121,1.0085623846331
0.63867187500001,1.1412395596392,0.91688217536088,1.008570392897
0.63886718750001,1.1413770201916,0.91688945515438,1.0085784006698
0.63906250000001,1.141514490674,0.91689673449772,1.0085864079475
0.63925781250001,1.1416519710238,0.91690401338714,1.0085944147259
0.63945312500001,1.1417894611783,0.91691129181889,1.0086024210008
0.63964843750001,1.1419269610755,0.91691856978923,1.0086104267682
0.63984375000001,1.142064470653,0.91692584729443,1.0086184320239
0.64003906250001,1.142201989849,0.91693312433076,1.0086264367638
0.64023437500001,1.1423395186016,0.91694040089453,1.008634440984
0.64042968750001,1.1424770568492,0.91694767698202,1.0086424446802
0.64062500000001,1.1426146045302,0.91695495258956,1.0086504478485
0.64082031250001,1.1427521615834,0.91696222771346,1.0086584504848
0.64101562500001,1.1428897279476,0.91696950235005,1.0086664525851
0.64121093750001,1.1430273035618,0.91697677649568,1.0086744541453
0.64140625000001,1.1431648883651,0.9169840501467,1.0086824551614
0.64160156250001,1.1433024822968,0.91699132329947,1.0086904556294
0.64179687500001,1.1434400852965,0.91699859595036,1.0086984555454
0.64199218750001,1.1435776973037,0.91700586809576,1.0087064549053
0.64218750000001,1.1437153182582,0.91701313973205,1.0087144537053
0.64238281250001,1.1438529480999,0.91702041085565,1.0087224519412
0.64257812500001,1.1439905867691,0.91702768146295,1.0087304496092
0.64277343750001,1.1441282342059,0.9170349515504,1.0087384467054
0.64296875000001,1.1442658903507,0.9170422211144,1.0087464432258
0.64316406250001,1.1444035551441,0.91704949015142,1.0087544391666
0.64335937500001,1.1445412285268,0.9170567586579,1.0087624345237
0.64355468750001,1.1446789104398,0.9170640266303,1.0087704292933
0.64375000000001,1.144816600824,0.9170712940651,1.0087784234716
0.64394531250001,1.1449542996206,0.91707856095877,1.0087864170547
0.64414062500001,1.145092006771,0.91708582730782,1.0087944100386
0.64433593750001,1.1452297222167,0.91709309310873,1.0088024024196
0.64453125000001,1.1453674458992,0.91710035835803,1.0088103941938
0.64472656250001,1.1455051777605,0.91710762305222,1.0088183853574
0.64492187500001,1.1456429177423,0.91711488718785,1.0088263759066
0.64511718750001,1.1457806657869,0.91712215076146,1.0088343658376
0.64531250000001,1.1459184218365,0.91712941376958,1.0088423551465
0.64550781250001,1.1460561858335,0.91713667620879,1.0088503438297
0.64570312500001,1.1461939577204,0.91714393807565,1.0088583318832
0.64589843750001,1.1463317374399,0.91715119936674,1.0088663193034
0.64609375000001,1.1464695249349,0.91715846007865,1.0088743060865
0.64628906250001,1.1466073201483,0.91716572020798,1.0088822922288
0.64648437500001,1.1467451230233,0.91717297975133,1.0088902777265
0.64667968750001,1.1468829335032,0.91718023870532,1.0088982625759
0.64687500000001,1.1470207515313,0.91718749706658,1.0089062467732
0.64707031250001,1.1471585770514,0.91719475483174,1.0089142303149
0.64726562500001,1.1472964100071,0.91720201199745,1.0089222131972
0.64746093750001,1.1474342503422,0.91720926856037,1.0089301954164
0.64765625000001,1.1475720980009,0.91721652451714,1.0089381769689
0.64785156250001,1.1477099529272,0.91722377986446,1.0089461578509
0.64804687500001,1.1478478150655,0.91723103459901,1.0089541380589
0.64824218750001,1.1479856843601,0.91723828871746,1.0089621175892
0.64843750000001,1.1481235607558,0.91724554221654,1.0089700964382
0.64863281250001,1.1482614441972,0.91725279509294,1.0089780746022
0.64882812500001,1.1483993346292,0.91726004734338,1.0089860520777
0.64902343750001,1.1485372319967,0.91726729896461,1.0089940288611
0.64921875000001,1.1486751362451,0.91727454995334,1.0090020049487
0.64941406250001,1.1488130473195,0.91728180030634,1.009009980337
0.64960937500001,1.1489509651655,0.91728905002035,1.0090179550224
0.64980468750001,1.1490888897285,0.91729629909215,1.0090259290014
0.65000000000001,1.1492268209544,0.9173035475185,1.0090339022703
0.65019531250001,1.1493647587889,0.91731079529619,1.0090418748258
0.65039062500001,1.1495027031781,0.91731804242202,1.0090498466642
0.65058593750001,1.1496406540681,0.91732528889279,1.0090578177821
0.65078125000001,1.1497786114052,0.9173325347053,1.0090657881758
0.65097656250001,1.1499165751359,0.91733977985638,1.009073757842
0.65117187500001,1.1500545452065,0.91734702434286,1.0090817267771
0.65136718750001,1.1501925215639,0.91735426816157,1.0090896949777
0.65156250000001,1.1503305041549,0.91736151130935,1.0090976624403
0.65175781250001,1.1504684929264,0.91736875378308,1.0091056291614
0.65195312500001,1.1506064878255,0.9173759955796,1.0091135951376
0.65214843750001,1.1507444887994,0.9173832366958,1.0091215603654
0.65234375000001,1.1508824957956,0.91739047712856,1.0091295248414
0.65253906250001,1.1510205087615,0.91739771687476,1.0091374885622
0.65273437500001,1.1511585276448,0.91740495593131,1.0091454515244
0.65292968750001,1.1512965523932,0.91741219429511,1.0091534137246
0.65312500000001,1.1514345829546,0.91741943196309,1.0091613751594
0.65332031250001,1.1515726192772,0.91742666893216,1.0091693358254
0.65351562500001,1.1517106613089,0.91743390519927,1.0091772957192
0.65371093750001,1.1518487089982,0.91744114076136,1.0091852548375
0.65390625000001,1.1519867622935,0.91744837561538,1.0091932131769
0.65410156250001,1.1521248211433,0.91745560975828,1.0092011707341
0.65429687500001,1.1522628854964,0.91746284318705,1.0092091275058
0.65449218750002,1.1524009553015,0.91747007589865,1.0092170834885
0.65468750000002,1.1525390305077,0.91747730789008,1.0092250386791
0.65488281250002,1.1526771110639,0.91748453915832,1.0092329930742
0.65507812500002,1.1528151969196,0.91749176970039,1.0092409466704
0.65527343750002,1.1529532880238,0.9174989995133,1.0092488994646
0.65546875000002,1.1530913843263,0.91750622859406,1.0092568514535
0.65566406250002,1.1532294857765,0.91751345693971,1.0092648026337
0.65585937500002,1.1533675923243,0.91752068454727,1.009272753002
0.65605468750002,1.1535057039193,0.91752791141381,1.0092807025552
0.65625000000002,1.1536438205118,0.91753513753637,1.00928865129
0.65644531250002,1.1537819420517,0.91754236291202,1.0092965992032
0.65664062500002,1.1539200684894,0.91754958753783,1.0093045462916
0.65683593750002,1.1540581997751,0.91755681141087,1.009312492552
0.65703125000002,1.1541963358594,0.91756403452824,1.0093204379811
0.65722656250002,1.1543344766929,0.91757125688703,1.0093283825757
0.65742187500002,1.1544726222264,0.91757847848435,1.0093363263328
0.65761718750002,1.1546107724107,0.91758569931731,1.009344269249
0.65781250000002,1.1547489271968,0.91759291938303,1.0093522113213
0.65800781250002,1.1548870865359,0.91760013867863,1.0093601525465
0.65820312500002,1.1550252503791,0.91760735720127,1.0093680929214
0.65839843750002,1.155163418678,0.91761457494808,1.0093760324429
0.65859375000002,1.1553015913839,0.91762179191622,1.0093839711078
0.65878906250002,1.1554397684484,0.91762900810285,1.0093919089131
0.65898437500002,1.1555779498234,0.91763622350514,1.0093998458556
0.65917968750002,1.1557161354607,0.91764343812026,1.0094077819323
0.65937500000002,1.1558543253122,0.91765065194541,1.00941571714
0.65957031250002,1.1559925193301,0.91765786497779,1.0094236514756
0.65976562500002,1.1561307174666,0.91766507721458,1.009431584936
0.65996093750002,1.156268919674,0.91767228865301,1.0094395175183
0.66015625000002,1.1564071259049,0.91767949929029,1.0094474492193
0.66035156250002,1.1565453361117,0.91768670912365,1.009455380036
0.66054687500002,1.1566835502473,0.91769391815032,1.0094633099654
0.66074218750002,1.1568217682644,0.91770112636755,1.0094712390043
0.66093750000002,1.156959990116,0.91770833377259,1.0094791671498
0.66113281250002,1.1570982157552,0.91771554036269,1.009487094399
0.66132812500002,1.1572364451352,0.91772274613513,1.0094950207486
0.66152343750002,1.1573746782091,0.91772995108717,1.0095029461959
0.66171875000002,1.1575129149306,0.9177371552161,1.0095108707377
0.66191406250002,1.1576511552531,0.91774435851921,1.0095187943711
0.66210937500002,1.1577893991303,0.9177515609938,1.0095267170932
0.66230468750002,1.1579276465159,0.91775876263717,1.0095346389009
0.66250000000002,1.1580658973638,0.91776596344664,1.0095425597913
0.66269531250002,1.1582041516282,0.91777316341952,1.0095504797615
0.66289062500002,1.158342409263,0.91778036255315,1.0095583988085
0.66308593750002,1.1584806702225,0.91778756084487,1.0095663169294
0.66328125000002,1.1586189344611,0.91779475829202,1.0095742341212
0.66347656250002,1.1587572019333,0.91780195489195,1.0095821503811
0.66367187500002,1.1588954725936,0.91780915064202,1.0095900657062
0.66386718750002,1.1590337463968,0.91781634553959,1.0095979800936
0.66406250000002,1.1591720232976,0.91782353958206,1.0096058935403
0.66425781250002,1.159310303251,0.91783073276679,1.0096138060435
0.66445312500002,1.1594485862121,0.91783792509117,1.0096217176003
0.66464843750002,1.1595868721359,0.91784511655262,1.0096296282079
0.66484375000002,1.1597251609779,0.91785230714852,1.0096375378634
0.66503906250002,1.1598634526932,0.9178594968763,1.0096454465639
0.66523437500002,1.1600017472375,0.91786668573338,1.0096533543067
0.66542968750002,1.1601400445664,0.91787387371718,1.0096612610889
0.66562500000002,1.1602783446356,0.91788106082515,1.0096691669077
0.66582031250002,1.1604166474008,0.91788824705471,1.0096770717602
0.66601562500002,1.1605549528182,0.91789543240333,1.0096849756437
0.66621093750002,1.1606932608436,0.91790261686847,1.0096928785553
0.66640625000002,1.1608315714333,0.91790980044758,1.0097007804923
0.66660156250002,1.1609698845436,0.91791698313815,1.009708681452
0.66679687500002,1.1611082001308,0.91792416493765,1.0097165814314
0.66699218750002,1.1612465181514,0.91793134584357,1.0097244804279
0.66718750000002,1.1613848385621,0.9179385258534,1.0097323784387
0.66738281250002,1.1615231613195,0.91794570496466,1.0097402754611
0.66757812500002,1.1616614863805,0.91795288317484,1.0097481714923
0.66777343750002,1.1617998137021,0.91796006048147,1.0097560665296
0.66796875000002,1.1619381432411,0.91796723688207,1.0097639605703
0.66816406250002,1.1620764749549,0.91797441237418,1.0097718536116
0.66835937500002,1.1622148088007,0.91798158695533,1.0097797456509
0.66855468750002,1.1623531447358,0.91798876062306,1.0097876366854
0.66875000000002,1.1624914827176,0.91799593337494,1.0097955267124
0.66894531250002,1.1626298227039,0.91800310520852,1.0098034157294
0.66914062500002,1.1627681646522,0.91801027612137,1.0098113037335
0.66933593750002,1.1629065085204,0.91801744611107,1.0098191907222
0.66953125000002,1.1630448542663,0.9180246151752,1.0098270766927
0.66972656250002,1.163183201848,0.91803178331135,1.0098349616425
0.66992187500002,1.1633215512236,0.91803895051711,1.0098428455688
0.67011718750002,1.1634599023513,0.9180461167901,1.0098507284691
0.67031250000002,1.1635982551893,0.91805328212791,1.0098586103407
0.67050781250002,1.1637366096963,0.91806044652817,1.009866491181
0.67070312500002,1.1638749658305,0.91806760998851,1.0098743709874
0.67089843750002,1.1640133235508,0.91807477250655,1.0098822497572
0.67109375000002,1.1641516828159,0.91808193407993,1.0098901274879
0.67128906250002,1.1642900435845,0.91808909470631,1.0098980041769
0.67148437500002,1.1644284058156,0.91809625438333,1.0099058798217
0.67167968750002,1.1645667694683,0.91810341310865,1.0099137544195
0.67187500000002,1.1647051345018,0.91811057087995,1.0099216279679
0.67207031250002,1.1648435008752,0.91811772769489,1.0099295004644
0.67226562500002,1.164981868548,0.91812488355115,1.0099373719063
0.67246093750002,1.1651202374796,0.91813203844643,1.0099452422911
0.67265625000002,1.1652586076295,0.91813919237842,1.0099531116163
0.67285156250002,1.1653969789575,0.91814634534482,1.0099609798793
0.67304687500002,1.1655353514232,0.91815349734334,1.0099688470777
0.67324218750002,1.1656737249867,0.9181606483717,1.0099767132089
0.67343750000002,1.1658120996077,0.91816779842761,1.0099845782704
0.67363281250002,1.1659504752464,0.9181749475088,1.0099924422597
0.67382812500002,1.166088851863,0.91818209561302,1.0100003051743
0.67402343750002,1.1662272294177,0.918189242738,1.0100081670118
0.67421875000002,1.1663656078709,0.9181963888815,1.0100160277696
0.67441406250002,1.1665039871831,0.91820353404126,1.0100238874454
0.67460937500002,1.1666423673148,0.91821067821506,1.0100317460366
0.67480468750002,1.1667807482266,0.91821782140066,1.0100396035407
0.67500000000002,1.1669191298795,0.91822496359584,1.0100474599554
0.67519531250002,1.1670575122341,0.91823210479838,1.0100553152782
0.67539062500002,1.1671958952515,0.91823924500607,1.0100631695067
0.67558593750002,1.1673342788927,0.91824638421671,1.0100710226384
0.67578125000002,1.167472663119,0.91825352242809,1.0100788746709
0.67597656250002,1.1676110478915,0.91826065963804,1.0100867256018
0.67617187500002,1.1677494331715,0.91826779584437,1.0100945754288
0.67636718750002,1.1678878189206,0.91827493104489,1.0101024241494
0.67656250000002,1.1680262051003,0.91828206523744,1.0101102717612
0.67675781250002,1.1681645916722,0.91828919841986,1.0101181182618
0.67695312500002,1.1683029785981,0.91829633058998,1.010125963649
0.67714843750002,1.1684413658398,0.91830346174566,1.0101338079202
0.67734375000002,1.1685797533592,0.91831059188475,1.0101416510732
0.67753906250002,1.1687181411184,0.91831772100511,1.0101494931056
0.67773437500002,1.1688565290795,0.91832484910462,1.0101573340151
0.67792968750002,1.1689949172046,0.91833197618114,1.0101651737993
0.67812500000002,1.1691333054562,0.91833910223256,1.0101730124558
0.67832031250002,1.1692716937965,0.91834622725677,1.0101808499824
0.67851562500002,1.1694100821882,0.91835335125166,1.0101886863768
0.67871093750002,1.1695484705937,0.91836047421513,1.0101965216366
0.67890625000002,1.1696868589759,0.91836759614508,1.0102043557596
0.67910156250002,1.1698252472974,0.91837471703944,1.0102121887434
0.67929687500002,1.1699636355212,0.91838183689612,1.0102200205857
0.67949218750002,1.1701020236101,0.91838895571305,1.0102278512844
0.67968750000002,1.1702404115274,0.91839607348817,1.010235680837
0.67988281250002,1.170378799236,0.9184031902194,1.0102435092413
0.68007812500002,1.1705171866994,0.91841030590469,1.0102513364952
0.68027343750002,1.1706555738807,0.918417420542,1.0102591625962
0.68046875000002,1.1707939607435,0.91842453412929,1.0102669875422
0.68066406250002,1.1709323472513,0.91843164666452,1.010274811331
0.68085937500002,1.1710707333676,0.91843875814565,1.0102826339602
0.68105468750002,1.1712091190562,0.91844586857067,1.0102904554277
0.68125000000002,1.1713475042809,0.91845297793756,1.0102982757313
0.68144531250002,1.1714858890056,0.9184600862443,1.0103060948687
0.68164062500002,1.1716242731942,0.9184671934889,1.0103139128378
0.68183593750002,1.1717626568108,0.91847429966934,1.0103217296363
0.68203125000002,1.1719010398196,0.91848140478365,1.010329545262
0.68222656250002,1.1720394221848,0.91848850882984,1.0103373597128
0.68242187500002,1.1721778038707,0.91849561180592,1.0103451729865
0.68261718750002,1.1723161848419,0.91850271370992,1.0103529850809
0.68281250000002,1.1724545650627,0.91850981453987,1.0103607959939
0.68300781250002,1.1725929444978,0.91851691429381,1.0103686057232
0.68320312500002,1.172731323112,0.91852401296978,1.0103764142668
0.68339843750002,1.1728697008699,0.91853111056584,1.0103842216224
0.68359375000002,1.1730080777365,0.91853820708004,1.010392027788
0.68378906250002,1.1731464536767,0.91854530251045,1.0103998327615
0.68398437500002,1.1732848286555,0.91855239685512,1.0104076365406
0.68417968750002,1.1734232026382,0.91855949011214,1.0104154391234
0.68437500000002,1.1735615755899,0.91856658227959,1.0104232405076
0.68457031250002,1.1736999474759,0.91857367335555,1.0104310406911
0.68476562500002,1.1738383182616,0.91858076333811,1.0104388396719
0.68496093750002,1.1739766879126,0.91858785222538,1.0104466374479
0.68515625000002,1.1741150563943,0.91859494001546,1.010454434017
0.68535156250002,1.1742534236725,0.91860202670645,1.0104622293771
0.68554687500002,1.1743917897129,0.91860911229647,1.0104700235261
0.68574218750002,1.1745301544813,0.91861619678365,1.010477816462
0.68593750000002,1.1746685179437,0.91862328016611,1.0104856081827
0.68613281250002,1.1748068800659,0.91863036244199,1.0104933986862
0.68632812500002,1.1749452408142,0.91863744360942,1.0105011879704
0.68652343750002,1.1750836001547,0.91864452366655,1.0105089760332
0.68671875000002,1.1752219580537,0.91865160261154,1.0105167628727
0.68691406250002,1.1753603144774,0.91865868044253,1.0105245484868
0.68710937500002,1.1754986693924,0.9186657571577,1.0105323328735
0.68730468750002,1.1756370227651,0.9186728327552,1.0105401160307
0.68750000000002,1.1757753745622,0.91867990723322,1.0105478979565
0.68769531250002,1.1759137247502,0.91868698058993,1.0105556786489
0.68789062500002,1.1760520732961,0.91869405282353,1.0105634581059
0.68808593750002,1.1761904201665,0.91870112393219,1.0105712363254
0.68828125000002,1.1763287653285,0.91870819391413,1.0105790133055
0.68847656250002,1.1764671087491,0.91871526276753,1.0105867890443
0.68867187500002,1.1766054503953,0.91872233049062,1.0105945635397
0.68886718750002,1.1767437902343,0.9187293970816,1.0106023367898
0.68906250000002,1.1768821282335,0.9187364625387,1.0106101087926
0.68925781250002,1.1770204643601,0.91874352686013,1.0106178795461
0.68945312500002,1.1771587985815,0.91875059004414,1.0106256490486
0.68964843750002,1.1772971308654,0.91875765208895,1.0106334172978
0.68984375000002,1.1774354611792,0.91876471299282,1.0106411842921
0.69003906250002,1.1775737894906,0.91877177275398,1.0106489500294
0.69023437500002,1.1777121157674,0.91877883137069,1.0106567145078
0.69042968750002,1.1778504399774,0.91878588884122,1.0106644777253
0.69062500000002,1.1779887620886,0.91879294516382,1.0106722396802
0.69082031250002,1.1781270820689,0.91880000033677,1.0106800003704
0.69101562500002,1.1782653998864,0.91880705435834,1.0106877597942
0.69121093750002,1.1784037155093,0.91881410722682,1.0106955179495
0.69140625000002,1.1785420289058,0.91882115894048,1.0107032748345
0.69160156250002,1.1786803400442,0.91882820949763,1.0107110304474
0.69179687500002,1.1788186488928,0.91883525889656,1.0107187847862
0.69199218750002,1.1789569554203,0.91884230713557,1.0107265378491
0.69218750000002,1.1790952595951,0.91884935421298,1.0107342896343
0.69238281250002,1.1792335613859,0.91885640012709,1.0107420401398
0.69257812500002,1.1793718607614,0.91886344487622,1.0107497893638
0.69277343750002,1.1795101576903,0.91887048845871,1.0107575373046
0.69296875000002,1.1796484521416,0.91887753087288,1.0107652839602
0.69316406250002,1.1797867440842,0.91888457211707,1.0107730293288
0.69335937500002,1.1799250334871,0.91889161218962,1.0107807734086
0.69355468750002,1.1800633203195,0.91889865108887,1.0107885161978
0.69375000000002,1.1802016045505,0.91890568881318,1.0107962576945
0.69394531250002,1.1803398861493,0.9189127253609,1.010803997897
0.69414062500002,1.1804781650854,0.9189197607304,1.0108117368034
0.69433593750002,1.180616441328,0.91892679492004,1.010819474412
0.69453125000002,1.1807547148468,0.91893382792821,1.010827210721
0.69472656250002,1.1808929856113,0.91894085975327,1.0108349457286
0.69492187500002,1.1810312535912,0.9189478903936,1.010842679433
0.69511718750002,1.181169518756,0.91895491984761,1.0108504118324
0.69531250000002,1.1813077810758,0.91896194811368,1.0108581429251
0.69550781250002,1.1814460405203,0.91896897519022,1.0108658727092
0.69570312500002,1.1815842970594,0.91897600107562,1.0108736011832
0.69589843750002,1.1817225506633,0.9189830257683,1.0108813283451
0.69609375000002,1.181860801302,0.91899004926667,1.0108890541933
0.69628906250002,1.1819990489457,0.91899707156915,1.0108967787261
0.69648437500002,1.1821372935646,0.91900409267418,1.0109045019416
0.69667968750002,1.1822755351291,0.91901111258017,1.0109122238382
0.69687500000002,1.1824137736096,0.91901813128556,1.0109199444141
0.69707031250002,1.1825520089765,0.91902514878881,1.0109276636677
0.69726562500002,1.1826902412004,0.91903216508834,1.0109353815972
0.69746093750002,1.182828470252,0.91903918018262,1.0109430982009
0.69765625000002,1.1829666961019,0.91904619407009,1.0109508134771
0.69785156250002,1.183104918721,0.91905320674923,1.0109585274242
0.69804687500002,1.18324313808,0.9190602182185,1.0109662400403
0.69824218750002,1.1833813541499,0.91906722847636,1.010973951324
0.69843750000003,1.1835195669016,0.9190742375213,1.0109816612734
0.69863281250003,1.1836577763064,0.9190812453518,1.010989369887
0.69882812500003,1.1837959823352,0.91908825196634,1.010997077163
0.69902343750003,1.1839341849593,0.91909525736341,1.0110047830998
0.69921875000003,1.18407238415,0.91910226154152,1.0110124876957
0.69941406250003,1.1842105798788,0.91910926449916,1.0110201909491
0.69960937500003,1.1843487721168,0.91911626623484,1.0110278928583
0.69980468750003,1.1844869608359,0.91912326674708,1.0110355934218
0.70000000000003,1.1846251460073,0.91913026603438,1.0110432926378
0.70019531250003,1.1847633276029,0.91913726409527,1.0110509905048
0.70039062500003,1.1849015055944,0.91914426092829,1.0110586870211
0.70058593750003,1.1850396799535,0.91915125653194,1.0110663821851
0.70078125000003,1.1851778506522,0.91915825090479,1.0110740759953
0.70097656250003,1.1853160176623,0.91916524404536,1.0110817684499
0.70117187500003,1.1854541809558,0.9191722359522,1.0110894595474
0.70136718750003,1.1855923405049,0.91917922662386,1.0110971492863
0.70156250000003,1.1857304962816,0.91918621605891,1.0111048376648
0.70175781250003,1.1858686482583,0.91919320425589,1.0111125246815
0.70195312500003,1.1860067964072,0.91920019121338,1.0111202103347
0.70214843750003,1.1861449407006,0.91920717692995,1.0111278946229
0.70234375000003,1.186283081111,0.91921416140417,1.0111355775446
0.70253906250003,1.1864212176109,0.91922114463462,1.0111432590981
0.70273437500003,1.1865593501728,0.91922812661988,1.0111509392819
0.70292968750003,1.1866974787695,0.91923510735855,1.0111586180944
0.70312500000003,1.1868356033735,0.91924208684922,1.0111662955341
0.70332031250003,1.1869737239578,0.91924906509049,1.0111739715995
0.70351562500003,1.1871118404951,0.91925604208097,1.0111816462891
0.70371093750003,1.1872499529583,0.91926301781925,1.0111893196012
0.70390625000003,1.1873880613204,0.91926999230397,1.0111969915344
0.70410156250003,1.1875261655546,0.91927696553372,1.0112046620871
0.70429687500003,1.1876642656338,0.91928393750715,1.0112123312579
0.70449218750003,1.1878023615314,0.91929090822286,1.0112199990452
0.70468750000003,1.1879404532205,0.91929787767951,1.0112276654475
0.70488281250003,1.1880785406745,0.91930484587572,1.0112353304633
0.70507812500003,1.1882166238668,0.91931181281013,1.0112429940911
0.70527343750003,1.1883547027709,0.9193187784814,1.0112506563295
0.70546875000003,1.1884927773602,0.91932574288816,1.011258317177
0.70566406250003,1.1886308476084,0.91933270602909,1.011265976632
0.70585937500003,1.1887689134891,0.91933966790283,1.0112736346931
0.70605468750003,1.1889069749761,0.91934662850806,1.0112812913589
0.70625000000003,1.1890450320432,0.91935358784344,1.0112889466278
0.70644531250003,1.1891830846642,0.91936054590765,1.0112966004984
0.70664062500003,1.1893211328131,0.91936750269936,1.0113042529693
0.70683593750003,1.1894591764638,0.91937445821726,1.011311904039
0.70703125000003,1.1895972155905,0.91938141246003,1.011319553706
0.70722656250003,1.1897352501672,0.91938836542637,1.011327201969
0.70742187500003,1.1898732801681,0.91939531711498,1.0113348488265
0.70761718750003,1.1900113055676,0.91940226752456,1.011342494277
0.70781250000003,1.1901493263399,0.9194092166538,1.0113501383192
0.70800781250003,1.1902873424595,0.91941616450143,1.0113577809516
0.70820312500003,1.1904253539007,0.91942311106615,1.0113654221728
0.70839843750003,1.1905633606382,0.9194300563467,1.0113730619814
0.70859375000003,1.1907013626465,0.91943700034178,1.011380700376
0.70878906250003,1.1908393599002,0.91944394305013,1.0113883373551
0.70898437500003,1.1909773523742,0.91945088447048,1.0113959729175
0.70917968750003,1.191115340043,0.91945782460157,1.0114036070617
0.70937500000003,1.1912533228817,0.91946476344214,1.0114112397863
0.70957031250003,1.1913913008651,0.91947170099093,1.01141887109
0.70976562500003,1.1915292739682,0.9194786372467,1.0114265009714
0.70996093750003,1.1916672421661,0.9194855722082,1.011434129429
0.71015625000003,1.1918052054338,0.91949250587419,1.0114417564616
0.71035156250003,1.1919431637464,0.91949943824344,1.0114493820678
0.71054687500003,1.1920811170794,0.9195063693147,1.0114570062462
0.71074218750003,1.1922190654078,0.91951329908676,1.0114646289954
0.71093750000003,1.1923570087072,0.91952022755839,1.0114722503142
0.71113281250003,1.1924949469528,0.91952715472838,1.0114798702012
0.71132812500003,1.1926328801203,0.9195340805955,1.011487488655
0.71152343750003,1.192770808185,0.91954100515854,1.0114951056744
0.71171875000003,1.1929087311228,0.9195479284163,1.0115027212579
0.71191406250003,1.1930466489091,0.91955485036759,1.0115103354043
0.71210937500003,1.1931845615198,0.91956177101119,1.0115179481123
0.71230468750003,1.1933224689306,0.91956869034592,1.0115255593805
0.71250000000003,1.1934603711175,0.91957560837059,1.0115331692076
0.71269531250003,1.1935982680563,0.91958252508401,1.0115407775924
0.71289062500003,1.1937361597229,0.91958944048501,1.0115483845335
0.71308593750003,1.1938740460936,0.9195963545724,1.0115559900296
0.71328125000003,1.1940119271442,0.91960326734502,1.0115635940795
0.71347656250003,1.1941498028511,0.9196101788017,1.0115711966819
0.71367187500003,1.1942876731905,0.91961708894126,1.0115787978354
0.71386718750003,1.1944255381385,0.91962399776257,1.0115863975388
0.71406250000003,1.1945633976717,0.91963090526445,1.0115939957909
0.71425781250003,1.1947012517663,0.91963781144576,1.0116015925903
0.71445312500003,1.194839100399,0.91964471630535,1.0116091879359
0.71464843750003,1.1949769435461,0.91965161984208,1.0116167818263
0.71484375000003,1.1951147811842,0.91965852205481,1.0116243742603
0.71503906250003,1.1952526132902,0.91966542294241,1.0116319652366
0.71523437500003,1.1953904398406,0.91967232250374,1.0116395547541
0.71542968750003,1.1955282608122,0.91967922073767,1.0116471428114
0.71562500000003,1.1956660761818,0.9196861176431,1.0116547294074
0.71582031250003,1.1958038859264,0.91969301321889,1.0116623145408
0.71601562500003,1.1959416900229,0.91969990746394,1.0116698982103
0.71621093750003,1.1960794884483,0.91970680037713,1.0116774804148
0.71640625000003,1.1962172811797,0.91971369195737,1.0116850611531
0.71660156250003,1.1963550681941,0.91972058220354,1.0116926404239
0.71679687500003,1.1964928494689,0.91972747111455,1.011700218226
0.71699218750003,1.1966306249812,0.9197343586893,1.0117077945582
0.71718750000003,1.1967683947083,0.91974124492671,1.0117153694194
0.71738281250003,1.1969061586276,0.9197481298257,1.0117229428083
0.71757812500003,1.1970439167166,0.91975501338517,1.0117305147237
0.71777343750003,1.1971816689527,0.91976189560406,1.0117380851645
0.71796875000003,1.1973194153134,0.91976877648128,1.0117456541294
0.71816406250003,1.1974571557763,0.91977565601577,1.0117532216173
0.71835937500003,1.1975948903191,0.91978253420646,1.0117607876271
0.71855468750003,1.1977326189196,0.9197894110523,1.0117683521575
0.71875000000003,1.1978703415554,0.91979628655222,1.0117759152074
0.71894531250003,1.1980080582044,0.91980316070517,1.0117834767757
0.71914062500003,1.1981457688446,0.91981003351009,1.0117910368611
0.71933593750003,1.1982834734537,0.91981690496596,1.0117985954626
0.71953125000003,1.1984211720099,0.91982377507171,1.0118061525789
0.71972656250003,1.1985588644912,0.91983064382632,1.011813708209
0.71992187500003,1.1986965508756,0.91983751122875,1.0118212623516
0.72011718750003,1.1988342311415,0.91984437727797,1.0118288150058
0.72031250000003,1.1989719052669,0.91985124197295,1.0118363661702
0.72050781250003,1.1991095732302,0.91985810531267,1.0118439158439
0.72070312500003,1.1992472350098,0.91986496729611,1.0118514640257
0.72089843750003,1.1993848905839,0.91987182792226,1.0118590107145
0.72109375000003,1.1995225399311,0.91987868719011,1.0118665559091
0.72128906250003,1.1996601830299,0.91988554509865,1.0118740996085
0.72148437500003,1.1997978198588,0.91989240164687,1.0118816418116
0.72167968750003,1.1999354503965,0.91989925683377,1.0118891825171
0.72187500000003,1.2000730746215,0.91990611065837,1.0118967217242
0.72207031250003,1.2002106925128,0.91991296311966,1.0119042594316
0.72226562500003,1.200348304049,0.91991981421667,1.0119117956383
0.72246093750003,1.200485909209,0.9199266639484,1.0119193303432
0.72265625000003,1.2006235079716,0.91993351231387,1.0119268635453
0.72285156250003,1.2007611003159,0.91994035931211,1.0119343952433
0.72304687500003,1.2008986862208,0.91994720494215,1.0119419254364
0.72324218750003,1.2010362656654,0.91995404920301,1.0119494541233
0.72343750000003,1.2011738386289,0.91996089209374,1.0119569813031
0.72363281250003,1.2013114050903,0.91996773361336,1.0119645069747
0.72382812500003,1.2014489650289,0.91997457376092,1.011972031137
0.72402343750003,1.2015865184239,0.91998141253547,1.011979553789
0.72421875000003,1.2017240652548,0.91998824993605,1.0119870749297
0.72441406250003,1.2018616055009,0.91999508596172,1.0119945945579
0.72460937500003,1.2019991391416,0.92000192061153,1.0120021126727
0.72480468750003,1.2021366661565,0.92000875388455,1.012009629273
0.72500000000003,1.202274186525,0.92001558577984,1.0120171443578
0.72519531250003,1.2024117002268,0.92002241629646,1.0120246579261
0.72539062500003,1.2025492072415,0.92002924543349,1.0120321699768
0.72558593750003,1.2026867075489,0.92003607319,1.012039680509
0.72578125000003,1.2028242011286,0.92004289956507,1.0120471895216
0.72597656250003,1.2029616879606,0.92004972455778,1.0120546970136
0.72617187500003,1.2030991680246,0.92005654816723,1.0120622029839
0.72636718750003,1.2032366413006,0.92006337039248,1.0120697074317
0.72656250000003,1.2033741077686,0.92007019123265,1.0120772103559
0.72675781250003,1.2035115674087,0.92007701068683,1.0120847117555
0.72695312500003,1.2036490202007,0.92008382875412,1.0120922116295
0.72714843750003,1.2037864661249,0.92009064543361,1.012099709977
0.72734375000003,1.2039239051615,0.92009746072442,1.0121072067969
0.72753906250003,1.2040613372907,0.92010427462566,1.0121147020882
0.72773437500003,1.2041987624928,0.92011108713645,1.0121221958501
0.72792968750003,1.2043361807481,0.92011789825589,1.0121296880815
0.72812500000003,1.204473592037,0.92012470798312,1.0121371787814
0.72832031250003,1.20461099634,0.92013151631725,1.012144667949
0.72851562500003,1.2047483936375,0.92013832325742,1.0121521555832
0.72871093750003,1.2048857839101,0.92014512880275,1.012159641683
0.72890625000003,1.2050231671383,0.92015193295239,1.0121671262476
0.72910156250003,1.2051605433029,0.92015873570547,1.012174609276
0.72929687500003,1.2052979123845,0.92016553706113,1.0121820907672
0.72949218750003,1.2054352743639,0.92017233701852,1.0121895707204
0.72968750000003,1.2055726292218,0.92017913557679,1.0121970491345
0.72988281250003,1.2057099769391,0.92018593273509,1.0122045260086
0.73007812500003,1.2058473174967,0.92019272849257,1.0122120013418
0.73027343750003,1.2059846508756,0.92019952284841,1.0122194751332
0.73046875000003,1.2061219770567,0.92020631580175,1.0122269473819
0.73066406250003,1.2062592960212,0.92021310735177,1.0122344180869
0.73085937500003,1.20639660775,0.92021989749764,1.0122418872474
0.73105468750003,1.2065339122244,0.92022668623852,1.0122493548624
0.73125000000003,1.2066712094255,0.9202334735736,1.012256820931
0.73144531250003,1.2068084993346,0.92024025950206,1.0122642854523
0.73164062500003,1.206945781933,0.92024704402307,1.0122717484254
0.73183593750003,1.207083057202,0.92025382713583,1.0122792098494
0.73203125000003,1.2072203251231,0.92026060883953,1.0122866697235
0.73222656250003,1.2073575856777,0.92026738913335,1.0122941280467
0.73242187500003,1.2074948388473,0.9202741680165,1.0123015848182
0.73261718750003,1.2076320846133,0.92028094548818,1.012309040037
0.73281250000003,1.2077693229575,0.92028772154759,1.0123164937023
0.73300781250003,1.2079065538614,0.92029449619393,1.0123239458133
0.73320312500003,1.2080437773068,0.92030126942642,1.0123313963691
0.73339843750003,1.2081809932754,0.92030804124427,1.0123388453687
0.73359375000003,1.208318201749,0.92031481164669,1.0123462928114
0.73378906250003,1.2084554027094,0.92032158063291,1.0123537386962
0.73398437500003,1.2085925961385,0.92032834820215,1.0123611830224
0.73417968750003,1.2087297820182,0.92033511435364,1.012368625789
0.73437500000003,1.2088669603306,0.9203418790866,1.0123760669953
0.73457031250003,1.2090041310575,0.92034864240027,1.0123835066403
0.73476562500003,1.2091412941812,0.92035540429388,1.0123909447233
0.73496093750003,1.2092784496838,0.92036216476668,1.0123983812434
0.73515625000003,1.2094155975474,0.92036892381791,1.0124058161997
0.73535156250003,1.2095527377542,0.92037568144681,1.0124132495915
0.73554687500003,1.2096898702865,0.92038243765263,1.0124206814179
0.73574218750003,1.2098269951267,0.92038919243463,1.0124281116781
0.73593750000003,1.209964112257,0.92039594579205,1.0124355403713
0.73613281250003,1.2101012216599,0.92040269772417,1.0124429674966
0.73632812500003,1.2102383233179,0.92040944823024,1.0124503930533
0.73652343750003,1.2103754172134,0.92041619730952,1.0124578170405
0.73671875000003,1.210512503329,0.92042294496129,1.0124652394574
0.73691406250003,1.2106495816474,0.92042969118481,1.0124726603033
0.73710937500003,1.210786652151,0.92043643597936,1.0124800795773
0.73730468750003,1.2109237148227,0.92044317934423,1.0124874972786
0.73750000000003,1.2110607696452,0.92044992127868,1.0124949134065
0.73769531250003,1.2111978166013,0.920456661782,1.0125023279602
0.73789062500003,1.2113348556737,0.92046340085349,1.0125097409388
0.73808593750003,1.2114718868453,0.92047013849242,1.0125171523417
0.73828125000003,1.2116089100992,0.9204768746981,1.0125245621679
0.73847656250003,1.2117459254181,0.92048360946982,1.0125319704168
0.73867187500003,1.2118829327853,0.92049034280688,1.0125393770876
0.73886718750003,1.2120199321836,0.92049707470859,1.0125467821794
0.73906250000003,1.2121569235963,0.92050380517424,1.0125541856917
0.73925781250003,1.2122939070064,0.92051053420315,1.0125615876235
0.73945312500003,1.2124308823972,0.92051726179463,1.0125689879741
0.73964843750003,1.2125678497518,0.92052398794799,1.0125763867428
0.73984375000003,1.2127048090537,0.92053071266256,1.0125837839288
0.74003906250003,1.2128417602861,0.92053743593765,1.0125911795314
0.74023437500003,1.2129787034324,0.92054415777258,1.0125985735498
0.74042968750003,1.2131156384759,0.9205508781667,1.0126059659834
0.74062500000003,1.2132525654003,0.92055759711931,1.0126133568312
0.74082031250003,1.2133894841889,0.92056431462977,1.0126207460927
0.74101562500003,1.2135263948254,0.9205710306974,1.0126281337671
0.74121093750003,1.2136632972933,0.92057774532154,1.0126355198537
0.74140625000003,1.2138001915763,0.92058445850154,1.0126429043517
0.74160156250003,1.213937077658,0.92059117023674,1.0126502872604
0.74179687500003,1.2140739555223,0.92059788052648,1.0126576685791
0.74199218750003,1.2142108251528,0.92060458937013,1.0126650483071
0.74218750000003,1.2143476865334,0.92061129676703,1.0126724264437
0.74238281250004,1.214484539648,0.92061800271655,1.0126798029882
0.74257812500004,1.2146213844804,0.92062470721803,1.0126871779398
0.74277343750004,1.2147582210146,0.92063141027085,1.0126945512979
0.74296875000004,1.2148950492347,0.92063811187436,1.0127019230618
0.74316406250004,1.2150318691245,0.92064481202795,1.0127092932307
0.74335937500004,1.2151686806683,0.92065151073097,1.0127166618041
0.74355468750004,1.2153054838501,0.92065820798281,1.0127240287811
0.74375000000004,1.2154422786542,0.92066490378284,1.0127313941611
0.74394531250004,1.2155790650647,0.92067159813045,1.0127387579435
0.74414062500004,1.2157158430658,0.92067829102501,1.0127461201275
0.74433593750004,1.215852612642,0.92068498246591,1.0127534807125
0.74453125000004,1.2159893737774,0.92069167245255,1.0127608396978
0.74472656250004,1.2161261264566,0.9206983609843,1.0127681970827
0.74492187500004,1.2162628706638,0.92070504806058,1.0127755528666
0.74511718750004,1.2163996063837,0.92071173368077,1.0127829070488
0.74531250000004,1.2165363336006,0.92071841784427,1.0127902596287
0.74550781250004,1.2166730522992,0.9207251005505,1.0127976106055
0.74570312500004,1.2168097624641,0.92073178179885,1.0128049599787
0.74589843750004,1.2169464640798,0.92073846158874,1.0128123077476
0.74609375000004,1.2170831571311,0.92074513991957,1.0128196539115
0.74628906250004,1.2172198416027,0.92075181679076,1.0128269984698
0.74648437500004,1.2173565174793,0.92075849220173,1.0128343414219
0.74667968750004,1.2174931847458,0.9207651661519,1.0128416827671
0.74687500000004,1.2176298433869,0.9207718386407,1.0128490225048
0.74707031250004,1.2177664933877,0.92077850966754,1.0128563606343
0.74726562500004,1.2179031347329,0.92078517923185,1.012863697155
0.74746093750004,1.2180397674076,0.92079184733308,1.0128710320664
0.74765625000004,1.2181763913968,0.92079851397064,1.0128783653677
0.74785156250004,1.2183130066856,0.92080517914399,1.0128856970584
0.74804687500004,1.218449613259,0.92081184285255,1.0128930271378
0.74824218750004,1.2185862111022,0.92081850509578,1.0129003556054
0.74843750000004,1.2187228002003,0.92082516587311,1.0129076824604
0.74863281250004,1.2188593805385,0.920831825184,1.0129150077024
0.74882812500004,1.2189959521022,0.92083848302789,1.0129223313307
0.74902343750004,1.2191325148767,0.92084513940423,1.0129296533447
0.74921875000004,1.2192690688472,0.9208517943125,1.0129369737437
0.74941406250004,1.2194056139991,0.92085844775213,1.0129442925273
0.74960937500004,1.2195421503179,0.9208650997226,1.0129516096949
0.74980468750004,1.219678677789,0.92087175022337,1.0129589252457
0.75000000000004,1.219815196398,0.92087839925391,1.0129662391793
0.75019531250004,1.2199517061303,0.92088504681368,1.012973551495
0.75039062500004,1.2200882069715,0.92089169290216,1.0129808621924
0.75058593750004,1.2202246989074,0.92089833751882,1.0129881712707
0.75078125000004,1.2203611819234,0.92090498066314,1.0129954787295
0.75097656250004,1.2204976560054,0.9209116223346,1.0130027845681
0.75117187500004,1.2206341211391,0.92091826253268,1.0130100887859
0.75136718750004,1.2207705773101,0.92092490125687,1.0130173913826
0.75156250000004,1.2209070245045,0.92093153850666,1.0130246923573
0.75175781250004,1.221043462708,0.92093817428154,1.0130319917097
0.75195312500004,1.2211798919065,0.920944808581,1.0130392894391
0.75214843750004,1.221316312086,0.92095144140453,1.013046585545
0.75234375000004,1.2214527232324,0.92095807275164,1.0130538800268
0.75253906250004,1.2215891253318,0.92096470262183,1.013061172884
0.75273437500004,1.2217255183702,0.9209713310146,1.0130684641161
0.75292968750004,1.2218619023337,0.92097795792945,1.0130757537224
0.75312500000004,1.2219982772084,0.9209845833659,1.0130830417025
0.75332031250004,1.2221346429806,0.92099120732347,1.0130903280558
0.75351562500004,1.2222709996363,0.92099782980165,1.0130976127818
0.75371093750004,1.222407347162,0.92100445079997,1.01310489588
0.75390625000004,1.2225436855438,0.92101107031795,1.0131121773497
0.75410156250004,1.2226800147681,0.92101768835511,1.0131194571906
0.75429687500004,1.2228163348212,0.92102430491097,1.0131267354021
0.75449218750004,1.2229526456896,0.92103091998507,1.0131340119836
0.75468750000004,1.2230889473596,0.92103753357692,1.0131412869346
0.75488281250004,1.2232252398179,0.92104414568607,1.0131485602547
0.75507812500004,1.2233615230508,0.92105075631205,1.0131558319433
0.75527343750004,1.223497797045,0.92105736545439,1.0131631019998
0.75546875000004,1.223634061787,0.92106397311264,1.0131703704239
0.75566406250004,1.2237703172634,0.92107057928633,1.013177637215
0.75585937500004,1.2239065634611,0.92107718397501,1.0131849023725
0.75605468750004,1.2240428003665,0.92108378717823,1.0131921658961
0.75625000000004,1.2241790279666,0.92109038889554,1.0131994277851
0.75644531250004,1.224315246248,0.92109698912649,1.0132066880391
0.75664062500004,1.2244514551975,0.92110358787063,1.0132139466577
0.75683593750004,1.2245876548021,0.92111018512753,1.0132212036403
0.75703125000004,1.2247238450487,0.92111678089673,1.0132284589864
0.75722656250004,1.2248600259241,0.92112337517781,1.0132357126956
0.75742187500004,1.2249961974153,0.92112996797032,1.0132429647674
0.75761718750004,1.2251323595094,0.92113655927384,1.0132502152012
0.75781250000004,1.2252685121933,0.92114314908793,1.0132574639967
0.75800781250004,1.2254046554542,0.92114973741217,1.0132647111534
0.75820312500004,1.2255407892791,0.92115632424612,1.0132719566707
0.75839843750004,1.2256769136553,0.92116290958937,1.0132792005483
0.75859375000004,1.2258130285698,0.9211694934415,1.0132864427856
0.75878906250004,1.22594913401,0.92117607580207,1.0132936833823
0.75898437500004,1.226085229963,0.92118265667069,1.0133009223378
0.75917968750004,1.2262213164163,0.92118923604694,1.0133081596516
0.75937500000004,1.226357393357,0.9211958139304,1.0133153953234
0.75957031250004,1.2264934607727,0.92120239032066,1.0133226293527
0.75976562500004,1.2266295186506,0.92120896521732,1.0133298617391
0.75996093750004,1.2267655669782,0.92121553861998,1.013337092482
0.76015625000004,1.2269016057431,0.92122211052823,1.013344321581
0.76035156250004,1.2270376349327,0.92122868094167,1.0133515490358
0.76054687500004,1.2271736545345,0.9212352498599,1.0133587748459
0.76074218750004,1.2273096645362,0.92124181728254,1.0133659990108
0.76093750000004,1.2274456649253,0.92124838320918,1.0133732215301
0.76113281250004,1.2275816556896,0.92125494763945,1.0133804424034
0.76132812500004,1.2277176368167,0.92126151057294,1.0133876616302
0.76152343750004,1.2278536082943,0.92126807200928,1.0133948792102
0.76171875000004,1.2279895701103,0.92127463194807,1.0134020951429
0.76191406250004,1.2281255222523,0.92128119038895,1.0134093094278
0.76210937500004,1.2282614647083,0.92128774733153,1.0134165220647
0.76230468750004,1.2283973974661,0.92129430277544,1.013423733053
0.76250000000004,1.2285333205135,0.92130085672029,1.0134309423923
0.76269531250004,1.2286692338386,0.92130740916573,1.0134381500823
0.76289062500004,1.2288051374294,0.92131396011138,1.0134453561225
0.76308593750004,1.2289410312737,0.92132050955687,1.0134525605126
0.76328125000004,1.2290769153597,0.92132705750184,1.013459763252
0.76347656250004,1.2292127896754,0.92133360394592,1.0134669643405
0.76367187500004,1.229348654209,0.92134014888876,1.0134741637776
0.76386718750004,1.2294845089485,0.92134669233,1.013481361563
0.76406250000004,1.2296203538822,0.92135323426928,1.0134885576962
0.76425781250004,1.2297561889983,0.92135977470625,1.0134957521769
0.76445312500004,1.229892014285,0.92136631364055,1.0135029450046
0.76464843750004,1.2300278297307,0.92137285107185,1.013510136179
0.76484375000004,1.2301636353235,0.92137938699978,1.0135173256998
0.76503906250004,1.230299431052,0.92138592142401,1.0135245135664
0.76523437500004,1.2304352169044,0.9213924543442,1.0135316997786
0.76542968750004,1.2305709928691,0.92139898576,1.013538884336
0.76562500000004,1.2307067589347,0.92140551567107,1.0135460672382
0.76582031250004,1.2308425150896,0.92141204407709,1.0135532484848
0.76601562500004,1.2309782613224,0.92141857097771,1.0135604280755
0.76621093750004,1.2311139976215,0.92142509637261,1.0135676060099
0.76640625000004,1.2312497239756,0.92143162026146,1.0135747822876
0.76660156250004,1.2313854403733,0.92143814264392,1.0135819569083
0.76679687500004,1.2315211468032,0.92144466351968,1.0135891298716
0.76699218750004,1.231656843254,0.92145118288841,1.0135963011773
0.76718750000004,1.2317925297145,0.92145770074979,1.0136034708248
0.76738281250004,1.2319282061735,0.92146421710351,1.0136106388139
0.76757812500004,1.2320638726195,0.92147073194925,1.0136178051442
0.76777343750004,1.2321995290416,0.92147724528668,1.0136249698154
0.76796875000004,1.2323351754286,0.92148375711551,1.0136321328271
0.76816406250004,1.2324708117693,0.92149026743542,1.013639294179
0.76835937500004,1.2326064380526,0.92149677624611,1.0136464538707
0.76855468750004,1.2327420542676,0.92150328354726,1.013653611902
0.76875000000004,1.2328776604031,0.92150978933858,1.0136607682724
0.76894531250004,1.2330132564483,0.92151629361976,1.0136679229817
0.76914062500004,1.2331488423921,0.92152279639051,1.0136750760296
0.76933593750004,1.2332844182236,0.92152929765052,1.0136822274156
0.76953125000004,1.233419983932,0.92153579739952,1.0136893771395
0.76972656250004,1.2335555395063,0.92154229563719,1.0136965252009
0.76992187500004,1.2336910849359,0.92154879236325,1.0137036715996
0.77011718750004,1.2338266202098,0.92155528757741,1.0137108163351
0.77031250000004,1.2339621453173,0.92156178127939,1.0137179594073
0.77050781250004,1.2340976602477,0.92156827346889,1.0137251008158
0.77070312500004,1.2342331649903,0.92157476414565,1.0137322405602
0.77089843750004,1.2343686595345,0.92158125330938,1.0137393786403
0.77109375000004,1.2345041438695,0.92158774095979,1.0137465150558
0.77128906250004,1.2346396179849,0.92159422709662,1.0137536498063
0.77148437500004,1.23477508187,0.92160071171959,1.0137607828915
0.77167968750004,1.2349105355142,0.92160719482842,1.0137679143113
0.77187500000004,1.2350459789072,0.92161367642285,1.0137750440651
0.77207031250004,1.2351814120384,0.92162015650261,1.0137821721529
0.77226562500004,1.2353168348973,0.92162663506744,1.0137892985742
0.77246093750004,1.2354522474737,0.92163311211707,1.0137964233288
0.77265625000004,1.235587649757,0.92163958765123,1.0138035464164
0.77285156250004,1.235723041737,0.92164606166967,1.0138106678366
0.77304687500004,1.2358584234032,0.92165253417213,1.0138177875893
0.77324218750004,1.2359937947455,0.92165900515836,1.0138249056742
0.77343750000004,1.2361291557536,0.9216654746281,1.0138320220909
0.77363281250004,1.2362645064173,0.92167194258109,1.0138391368392
0.77382812500004,1.2363998467263,0.9216784090171,1.0138462499188
0.77402343750004,1.2365351766705,0.92168487393586,1.0138533613294
0.77421875000004,1.2366704962398,0.92169133733714,1.0138604710709
0.77441406250004,1.2368058054241,0.92169779922069,1.0138675791428
0.77460937500004,1.2369411042133,0.92170425958627,1.0138746855449
0.77480468750004,1.2370763925973,0.92171071843364,1.013881790277
0.77500000000004,1.2372116705662,0.92171717576256,1.0138888933388
0.77519531250004,1.2373469381099,0.9217236315728,1.0138959947301
0.77539062500004,1.2374821952186,0.92173008586412,1.0139030944505
0.77558593750004,1.2376174418823,0.92173653863628,1.0139101924999
0.77578125000004,1.2377526780911,0.92174298988907,1.013917288878
0.77597656250004,1.2378879038352,0.92174943962224,1.0139243835845
0.77617187500004,1.2380231191047,0.92175588783558,1.0139314766191
0.77636718750004,1.2381583238898,0.92176233452886,1.0139385679818
0.77656250000004,1.2382935181808,0.92176877970186,1.013945657672
0.77675781250004,1.2384287019679,0.92177522335436,1.0139527456898
0.77695312500004,1.2385638752414,0.92178166548613,1.0139598320347
0.77714843750004,1.2386990379917,0.92178810609696,1.0139669167067
0.77734375000004,1.2388341902091,0.92179454518664,1.0139739997053
0.77753906250004,1.238969331884,0.92180098275496,1.0139810810305
0.77773437500004,1.2391044630067,0.92180741880169,1.0139881606819
0.77792968750004,1.2392395835668,0.92181385332665,1.0139952386593
0.77812500000004,1.2393746935566,0.9218202863296,1.0140023149626
0.77832031250004,1.2395097929658,0.92182671781036,1.0140093895914
0.77851562500004,1.2396448817848,0.92183314776872,1.0140164625456
0.77871093750004,1.2397799600041,0.92183957620447,1.0140235338249
0.77890625000004,1.2399150276145,0.92184600311741,1.0140306034292
0.77910156250004,1.2400500846064,0.92185242850736,1.0140376713581
0.77929687500004,1.2401851309705,0.92185885237411,1.0140447376115
0.77949218750004,1.2403201666975,0.92186527471746,1.0140518021892
0.77968750000004,1.2404551917782,0.92187169553724,1.014058865091
0.77988281250004,1.2405902062031,0.92187811483323,1.0140659263166
0.78007812500004,1.2407252099632,0.92188453260527,1.0140729858658
0.78027343750004,1.2408602030491,0.92189094885315,1.0140800437385
0.78046875000004,1.2409951854518,0.9218973635767,1.0140870999344
0.78066406250004,1.241130157162,0.92190377677573,1.0140941544533
0.78085937500004,1.2412651181706,0.92191018845006,1.0141012072951
0.78105468750004,1.2414000684685,0.92191659859951,1.0141082584595
0.78125000000004,1.2415350080467,0.9219230072239,1.0141153079463
0.78144531250004,1.2416699368961,0.92192941432306,1.0141223557554
0.78164062500004,1.2418048550077,0.92193581989682,1.0141294018865
0.78183593750004,1.2419397623726,0.92194222394499,1.0141364463395
0.78203125000004,1.2420746589817,0.92194862646742,1.0141434891142
0.78222656250004,1.2422095448262,0.92195502746393,1.0141505302103
0.78242187500004,1.2423444198971,0.92196142693435,1.0141575696278
0.78261718750004,1.2424792841855,0.92196782487852,1.0141646073664
0.78281250000004,1.2426141376828,0.92197422129628,1.0141716434259
0.78300781250004,1.2427489803799,0.92198061618746,1.0141786778062
0.78320312500004,1.2428838122681,0.92198700955191,1.0141857105071
0.78339843750004,1.2430186333388,0.92199340138946,1.0141927415284
0.78359375000004,1.243153443583,0.92199979169997,1.01419977087
0.78378906250004,1.2432882429922,0.92200618048327,1.0142067985316
0.78398437500004,1.2434230315577,0.92201256773921,1.0142138245131
0.78417968750004,1.2435578092707,0.92201895346765,1.0142208488144
0.78437500000004,1.2436925761228,0.92202533766843,1.0142278714353
0.78457031250004,1.2438273321052,0.9220317203414,1.0142348923755
0.78476562500004,1.2439620772095,0.92203810148643,1.0142419116351
0.78496093750004,1.244096811427,0.92204448110335,1.0142489292137
0.78515625000004,1.2442315347493,0.92205085919204,1.0142559451112
0.78535156250004,1.244366247168,0.92205723575236,1.0142629593276
0.78554687500004,1.2445009486744,0.92206361078416,1.0142699718626
0.78574218750004,1.2446356392603,0.9220699842873,1.014276982716
0.78593750000004,1.2447703189171,0.92207635626165,1.0142839918878
0.78613281250004,1.2449049876366,0.92208272670708,1.0142909993778
0.78632812500005,1.2450396454104,0.92208909562346,1.0142980051858
0.78652343750005,1.2451742922301,0.92209546301065,1.0143050093117
0.78671875000005,1.2453089280875,0.92210182886852,1.0143120117554
0.78691406250005,1.2454435529742,0.92210819319695,1.0143190125166
0.78710937500005,1.2455781668821,0.92211455599582,1.0143260115954
0.78730468750005,1.245712769803,0.92212091726499,1.0143330089915
0.78750000000005,1.2458473617286,0.92212727700435,1.0143400047048
0.78769531250005,1.2459819426507,0.92213363521378,1.0143469987352
0.78789062500005,1.2461165125613,0.92213999189315,1.0143539910825
0.78808593750005,1.2462510714522,0.92214634704236,1.0143609817466
0.78828125000005,1.2463856193154,0.92215270066128,1.0143679707274
0.78847656250005,1.2465201561427,0.92215905274981,1.0143749580248
0.78867187500005,1.2466546819262,0.92216540330782,1.0143819436386
0.78886718750005,1.2467891966579,0.92217175233521,1.0143889275687
0.78906250000005,1.2469237003297,0.92217809983188,1.0143959098151
0.78925781250005,1.2470581929338,0.9221844457977,1.0144028903775
0.78945312500005,1.2471926744621,0.92219079023259,1.0144098692558
0.78964843750005,1.2473271449069,0.92219713313643,1.0144168464501
0.78984375000005,1.2474616042602,0.92220347450912,1.01442382196
0.79003906250005,1.2475960525141,0.92220981435056,1.0144307957856
0.79023437500005,1.2477304896609,0.92221615266065,1.0144377679267
0.79042968750005,1.2478649156927,0.9222224894393,1.0144447383832
0.79062500000005,1.2479993306018,0.9222288246864,1.014451707155
0.79082031250005,1.2481337343804,0.92223515840187,1.0144586742421
0.79101562500005,1.2482681270209,0.92224149058561,1.0144656396442
0.79121093750005,1.2484025085154,0.92224782123753,1.0144726033613
0.79140625000005,1.2485368788564,0.92225415035755,1.0144795653933
0.79160156250005,1.2486712380362,0.92226047794556,1.0144865257401
0.79179687500005,1.2488055860472,0.92226680400149,1.0144934844016
0.79199218750005,1.2489399228818,0.92227312852526,1.0145004413778
0.79218750000005,1.2490742485324,0.92227945151677,1.0145073966684
0.79238281250005,1.2492085629914,0.92228577297595,1.0145143502735
0.79257812500005,1.2493428662514,0.92229209290272,1.014521302193
0.79277343750005,1.2494771583049,0.922298411297,1.0145282524267
0.79296875000005,1.2496114391444,0.92230472815871,1.0145352009746
0.79316406250005,1.2497457087624,0.92231104348777,1.0145421478365
0.79335937500005,1.2498799671515,0.92231735728412,1.0145490930125
0.79355468750005,1.2500142143044,0.92232366954768,1.0145560365024
0.79375000000005,1.2501484502137,0.92232998027838,1.0145629783062
0.79394531250005,1.250282674872,0.92233628947615,1.0145699184238
0.79414062500005,1.250416888272,0.92234259714093,1.014576856855
0.79433593750005,1.2505510904064,0.92234890327264,1.0145837935999
0.79453125000005,1.250685281268,0.92235520787122,1.0145907286583
0.79472656250005,1.2508194608494,0.92236151093661,1.0145976620303
0.79492187500005,1.2509536291436,0.92236781246875,1.0146045937156
0.79511718750005,1.2510877861432,0.92237411246758,1.0146115237143
0.79531250000005,1.2512219318411,0.92238041093304,1.0146184520263
0.79550781250005,1.2513560662302,0.92238670786507,1.0146253786516
0.79570312500005,1.2514901893033,0.92239300326362,1.01463230359
0.79589843750005,1.2516243010533,0.92239929712863,1.0146392268415
0.79609375000005,1.2517584014732,0.92240558946005,1.0146461484061
0.79628906250005,1.251892490556,0.92241188025783,1.0146530682836
0.79648437500005,1.2520265682945,0.92241816952192,1.0146599864741
0.79667968750005,1.2521606346818,0.92242445725228,1.0146669029775
0.79687500000005,1.2522946897109,0.92243074344884,1.0146738177937
0.79707031250005,1.2524287333748,0.92243702811158,1.0146807309227
0.79726562500005,1.2525627656667,0.92244331124045,1.0146876423645
0.79746093750005,1.2526967865796,0.9224495928354,1.0146945521189
0.79765625000005,1.2528307961066,0.92245587289639,1.014701460186
0.79785156250005,1.2529647942408,0.92246215142339,1.0147083665657
0.79804687500005,1.2530987809755,0.92246842841636,1.014715271258
0.79824218750005,1.2532327563038,0.92247470387525,1.0147221742628
0.79843750000005,1.253366720219,0.92248097780005,1.0147290755801
0.79863281250005,1.2535006727142,0.9224872501907,1.0147359752098
0.79882812500005,1.2536346137827,0.92249352104719,1.0147428731519
0.79902343750005,1.2537685434179,0.92249979036947,1.0147497694064
0.79921875000005,1.2539024616129,0.92250605815753,1.0147566639733
0.79941406250005,1.2540363683612,0.92251232441133,1.0147635568525
0.79960937500005,1.2541702636561,0.92251858913085,1.0147704480439
0.79980468750005,1.2543041474909,0.92252485231606,1.0147773375477
0.80000000000005,1.2544380198591,0.92253111396693,1.0147842253636
0.80019531250005,1.2545718807541,0.92253737408346,1.0147911114918
0.80039062500005,1.2547057301693,0.92254363266561,1.0147979959322
0.80058593750005,1.2548395680982,0.92254988971337,1.0148048786847
0.80078125000005,1.2549733945343,0.92255614522672,1.0148117597494
0.80097656250005,1.2551072094711,0.92256239920564,1.0148186391262
0.80117187500005,1.2552410129021,0.92256865165012,1.0148255168151
0.80136718750005,1.2553748048209,0.92257490256015,1.0148323928162
0.80156250000005,1.2555085852211,0.92258115193571,1.0148392671293
0.80175781250005,1.2556423540962,0.92258739977679,1.0148461397545
0.80195312500005,1.25577611144,0.92259364608338,1.0148530106917
0.80214843750005,1.255909857246,0.92259989085548,1.014859879941
0.80234375000005,1.256043591508,0.92260613409308,1.0148667475024
0.80253906250005,1.2561773142196,0.92261237579617,1.0148736133758
0.80273437500005,1.2563110253745,0.92261861596474,1.0148804775612
0.80292968750005,1.2564447249665,0.92262485459881,1.0148873400587
0.80312500000005,1.2565784129893,0.92263109169836,1.0148942008682
0.80332031250005,1.2567120894368,0.9226373272634,1.0149010599897
0.80351562500005,1.2568457543027,0.92264356129392,1.0149079174233
0.80371093750005,1.2569794075808,0.92264979378994,1.0149147731689
0.80390625000005,1.2571130492651,0.92265602475145,1.0149216272266
0.80410156250005,1.2572466793494,0.92266225417846,1.0149284795963
0.80429687500005,1.2573802978275,0.92266848207097,1.0149353302781
0.80449218750005,1.2575139046935,0.92267470842901,1.0149421792719
0.80468750000005,1.2576474999411,0.92268093325257,1.0149490265778
0.80488281250005,1.2577810835645,0.92268715654166,1.0149558721958
0.80507812500005,1.2579146555576,0.9226933782963,1.0149627161259
0.80527343750005,1.2580482159143,0.92269959851651,1.0149695583682
0.80546875000005,1.2581817646288,0.92270581720229,1.0149763989225
0.80566406250005,1.2583153016951,0.92271203435367,1.014983237789
0.80585937500005,1.2584488271071,0.92271824997066,1.0149900749677
0.80605468750005,1.2585823408591,0.92272446405328,1.0149969104586
0.80625000000005,1.2587158429452,0.92273067660154,1.0150037442617
0.80644531250005,1.2588493333594,0.92273688761549,1.015010576377
0.80664062500005,1.258982812096,0.92274309709512,1.0150174068046
0.80683593750005,1.2591162791491,0.92274930504048,1.0150242355445
0.80703125000005,1.2592497345129,0.92275551145158,1.0150310625967
0.80722656250005,1.2593831781816,0.92276171632845,1.0150378879613
0.80742187500005,1.2595166101496,0.92276791967112,1.0150447116382
0.80761718750005,1.2596500304109,0.92277412147962,1.0150515336276
0.80781250000005,1.2597834389601,0.92278032175398,1.0150583539294
0.80800781250005,1.2599168357912,0.92278652049422,1.0150651725436
0.80820312500005,1.2600502208987,0.9227927177004,1.0150719894704
0.80839843750005,1.260183594277,0.92279891337253,1.0150788047098
0.80859375000005,1.2603169559203,0.92280510751066,1.0150856182617
0.80878906250005,1.2604503058231,0.92281130011482,1.0150924301263
0.80898437500005,1.2605836439798,0.92281749118504,1.0150992403035
0.80917968750005,1.2607169703848,0.92282368072138,1.0151060487935
0.80937500000005,1.2608502850326,0.92282986872387,1.0151128555963
0.80957031250005,1.2609835879177,0.92283605519255,1.0151196607118
0.80976562500005,1.2611168790345,0.92284224012746,1.0151264641402
0.80996093750005,1.2612501583776,0.92284842352865,1.0151332658815
0.81015625000005,1.2613834259415,0.92285460539617,1.0151400659358
0.81035156250005,1.2615166817208,0.92286078573006,1.0151468643031
0.81054687500005,1.26164992571,0.92286696453037,1.0151536609834
0.81074218750005,1.2617831579038,0.92287314179715,1.0151604559769
0.81093750000005,1.2619163782967,0.92287931753046,1.0151672492835
0.81113281250005,1.2620495868835,0.92288549173033,1.0151740409034
0.81132812500005,1.2621827836587,0.92289166439683,1.0151808308365
0.81152343750005,1.2623159686171,0.92289783553001,1.015187619083
0.81171875000005,1.2624491417533,0.92290400512993,1.0151944056429
0.81191406250005,1.2625823030621,0.92291017319663,1.0152011905163
0.81210937500005,1.2627154525382,0.92291633973019,1.0152079737032
0.81230468750005,1.2628485901764,0.92292250473066,1.0152147552037
0.81250000000005,1.2629817159715,0.92292866819809,1.0152215350179
0.81269531250005,1.2631148299182,0.92293483013256,1.0152283131458
0.81289062500005,1.2632479320115,0.92294099053413,1.0152350895875
0.81308593750005,1.263381022246,0.92294714940285,1.0152418643431
0.81328125000005,1.2635141006168,0.92295330673879,1.0152486374127
0.81347656250005,1.2636471671187,0.92295946254203,1.0152554087962
0.81367187500005,1.2637802217465,0.92296561681262,1.0152621784939
0.81386718750005,1.2639132644953,0.92297176955064,1.0152689465057
0.81406250000005,1.26404629536,0.92297792075615,1.0152757128318
0.81425781250005,1.2641793143354,0.92298407042923,1.0152824774722
0.81445312500005,1.2643123214167,0.92299021856995,1.0152892404269
0.81464843750005,1.2644453165988,0.92299636517838,1.0152960016962
0.81484375000005,1.2645782998767,0.92300251025461,1.0153027612801
0.81503906250005,1.2647112712455,0.92300865379869,1.0153095191786
0.81523437500005,1.2648442307002,0.92301479581071,1.0153162753918
0.81542968750005,1.264977178236,0.92302093629076,1.0153230299198
0.81562500000005,1.2651101138479,0.9230270752389,1.0153297827628
0.81582031250005,1.265243037531,0.92303321265521,1.0153365339207
0.81601562500005,1.2653759492805,0.92303934853979,1.0153432833938
0.81621093750005,1.2655088490916,0.92304548289271,1.015350031182
0.81640625000005,1.2656417369594,0.92305161571406,1.0153567772855
0.81660156250005,1.2657746128791,0.92305774700392,1.0153635217043
0.81679687500005,1.265907476846,0.92306387676237,1.0153702644386
0.81699218750005,1.2660403288552,0.92307000498951,1.0153770054885
0.81718750000005,1.2661731689021,0.92307613168542,1.015383744854
0.81738281250005,1.2663059969819,0.9230822568502,1.0153904825352
0.81757812500005,1.2664388130899,0.92308838048392,1.0153972185323
0.81777343750005,1.2665716172215,0.92309450258669,1.0154039528454
0.81796875000005,1.2667044093719,0.9231006231586,1.0154106854745
0.81816406250005,1.2668371895364,0.92310674219975,1.0154174164197
0.81835937500005,1.2669699577106,0.92311285971021,1.0154241456812
0.81855468750005,1.2671027138898,0.9231189756901,1.0154308732591
0.81875000000005,1.2672354580693,0.92312509013952,1.0154375991535
0.81894531250005,1.2673681902447,0.92313120305855,1.0154443233644
0.81914062500005,1.2675009104113,0.92313731444729,1.015451045892
0.81933593750005,1.2676336185646,0.92314342430586,1.0154577667364
0.81953125000005,1.2677663147002,0.92314953263435,1.0154644858978
0.81972656250005,1.2678989988134,0.92315563943286,1.0154712033761
0.81992187500005,1.2680316708999,0.9231617447015,1.0154779191717
0.82011718750005,1.2681643309552,0.92316784844037,1.0154846332844
0.82031250000005,1.2682969789747,0.92317395064958,1.0154913457145
0.82050781250005,1.2684296149542,0.92318005132924,1.0154980564622
0.82070312500005,1.2685622388892,0.92318615047945,1.0155047655274
0.82089843750005,1.2686948507753,0.92319224810032,1.0155114729104
0.82109375000005,1.2688274506082,0.92319834419197,1.0155181786112
0.82128906250005,1.2689600383835,0.9232044387545,1.01552488263
0.82148437500005,1.2690926140969,0.92321053178803,1.0155315849668
0.82167968750005,1.269225177744,0.92321662329267,1.0155382856219
0.82187500000005,1.2693577293206,0.92322271326854,1.0155449845954
0.82207031250005,1.2694902688224,0.92322880171575,1.0155516818873
0.82226562500005,1.2696227962452,0.92323488863442,1.0155583774979
0.82246093750005,1.2697553115846,0.92324097402466,1.0155650714271
0.82265625000005,1.2698878148366,0.9232470578866,1.0155717636753
0.82285156250005,1.2700203059968,0.92325314022036,1.0155784542424
0.82304687500005,1.2701527850611,0.92325922102605,1.0155851431287
0.82324218750005,1.2702852520253,0.9232653003038,1.0155918303342
0.82343750000005,1.2704177068853,0.92327137805373,1.0155985158591
0.82363281250005,1.270550149637,0.92327745427596,1.0156051997036
0.82382812500005,1.2706825802762,0.92328352897063,1.0156118818677
0.82402343750005,1.2708149987989,0.92328960213785,1.0156185623516
0.82421875000005,1.2709474052009,0.92329567377776,1.0156252411555
0.82441406250005,1.2710797994782,0.92330174389048,1.0156319182795
0.82460937500005,1.2712121816268,0.92330781247614,1.0156385937238
0.82480468750005,1.2713445516426,0.92331387953487,1.0156452674884
0.82500000000005,1.2714769095217,0.92331994506681,1.0156519395735
0.82519531250005,1.27160925526,0.92332600907208,1.0156586099793
0.82539062500005,1.2717415888535,0.92333207155082,1.0156652787059
0.82558593750005,1.2718739102984,0.92333813250316,1.0156719457535
0.82578125000005,1.2720062195907,0.92334419192924,1.0156786111222
0.82597656250005,1.2721385167265,0.9233502498292,1.0156852748121
0.82617187500005,1.2722708017018,0.92335630620316,1.0156919368235
0.82636718750005,1.2724030745129,0.92336236105128,1.0156985971564
0.82656250000005,1.2725353351558,0.92336841437368,1.0157052558111
0.82675781250005,1.2726675836266,0.92337446617052,1.0157119127876
0.82695312500005,1.2727998199216,0.92338051644193,1.0157185680861
0.82714843750005,1.2729320440369,0.92338656518805,1.0157252217069
0.82734375000005,1.2730642559687,0.92339261240903,1.0157318736499
0.82753906250005,1.2731964557133,0.92339865810501,1.0157385239155
0.82773437500005,1.2733286432669,0.92340470227613,1.0157451725037
0.82792968750005,1.2734608186258,0.92341074492255,1.0157518194148
0.82812500000005,1.2735929817862,0.92341678604441,1.0157584646488
0.82832031250005,1.2737251327443,0.92342282564185,1.015765108206
0.82851562500005,1.2738572714966,0.92342886371503,1.0157717500865
0.82871093750005,1.2739893980394,0.9234349002641,1.0157783902905
0.82890625000005,1.2741215123689,0.92344093528921,1.0157850288181
0.82910156250005,1.2742536144815,0.92344696879051,1.0157916656696
0.82929687500005,1.2743857043737,0.92345300076815,1.015798300845
0.82949218750005,1.2745177820418,0.92345903122229,1.0158049343445
0.82968750000005,1.2746498474821,0.92346506015308,1.0158115661684
0.82988281250005,1.2747819006912,0.92347108756068,1.0158181963167
0.83007812500005,1.2749139416655,0.92347711344524,1.0158248247898
0.83027343750006,1.2750459704015,0.92348313780693,1.0158314515876
0.83046875000006,1.2751779868955,0.9234891606459,1.0158380767105
0.83066406250006,1.2753099911441,0.92349518196231,1.0158447001585
0.83085937500006,1.2754419831439,0.92350120175632,1.0158513219319
0.83105468750006,1.2755739628912,0.92350722002809,1.0158579420309
0.83125000000006,1.2757059303828,0.92351323677779,1.0158645604556
0.83144531250006,1.275837885615,0.92351925200558,1.0158711772061
0.83164062500006,1.2759698285846,0.92352526571162,1.0158777922828
0.83183593750006,1.2761017592881,0.92353127789608,1.0158844056857
0.83203125000006,1.2762336777221,0.92353728855912,1.015891017415
0.83222656250006,1.2763655838832,0.92354329770092,1.015897627471
0.83242187500006,1.276497477768,0.92354930532164,1.0159042358538
0.83261718750006,1.2766293593733,0.92355531142144,1.0159108425636
0.83281250000006,1.2767612286957,0.92356131600051,1.0159174476006
0.83300781250006,1.2768930857319,0.923567319059,1.0159240509649
0.83320312500006,1.2770249304786,0.92357332059709,1.0159306526568
0.83339843750006,1.2771567629324,0.92357932061496,1.0159372526765
0.83359375000006,1.2772885830902,0.92358531911278,1.0159438510241
0.83378906250006,1.2774203909487,0.92359131609071,1.0159504476998
0.83398437500006,1.2775521865047,0.92359731154895,1.0159570427038
0.83417968750006,1.2776839697549,0.92360330548765,1.0159636360364
0.83437500000006,1.2778157406962,0.92360929790701,1.0159702276977
0.83457031250006,1.2779474993253,0.92361528880719,1.0159768176879
0.83476562500006,1.2780792456391,0.92362127818838,1.0159834060072
0.83496093750006,1.2782109796345,0.92362726605076,1.0159899926558
0.83515625000006,1.2783427013083,0.9236332523945,1.015996577634
0.83535156250006,1.2784744106574,0.9236392372198,1.0160031609418
0.83554687500006,1.2786061076787,0.92364522052682,1.0160097425795
0.83574218750006,1.2787377923691,0.92365120231576,1.0160163225473
0.83593750000006,1.2788694647255,0.92365718258679,1.0160229008455
0.83613281250006,1.2790011247449,0.92366316134011,1.0160294774741
0.83632812500006,1.2791327724242,0.9236691385759,1.0160360524335
0.83652343750006,1.2792644077605,0.92367511429435,1.0160426257238
0.83671875000006,1.2793960307506,0.92368108849564,1.0160491973452
0.83691406250006,1.2795276413917,0.92368706117996,1.016055767298
0.83710937500006,1.2796592396806,0.9236930323475,1.0160623355823
0.83730468750006,1.2797908256145,0.92369900199846,1.0160689021983
0.83750000000006,1.2799223991905,0.92370497013301,1.0160754671463
0.83769531250006,1.2800539604055,0.92371093675136,1.0160820304265
0.83789062500006,1.2801855092567,0.9237169018537,1.0160885920391
0.83808593750006,1.2803170457412,0.92372286544022,1.0160951519842
0.83828125000006,1.280448569856,0.92372882751112,1.0161017102622
0.83847656250006,1.2805800815983,0.92373478806659,1.0161082668732
0.83867187500006,1.2807115809653,0.92374074710682,1.0161148218175
0.83886718750006,1.2808430679541,0.92374670463202,1.0161213750952
0.83906250000006,1.2809745425619,0.92375266064238,1.0161279267066
0.83925781250006,1.2811060047859,0.9237586151381,1.0161344766519
0.83945312500006,1.2812374546232,0.92376456811938,1.0161410249313
0.83964843750006,1.2813688920712,0.92377051958642,1.0161475715451
0.83984375000006,1.281500317127,0.92377646953942,1.0161541164934
0.84003906250006,1.2816317297878,0.92378241797858,1.0161606597764
0.84023437500006,1.2817631300511,0.92378836490411,1.0161672013945
0.84042968750006,1.2818945179139,0.92379431031621,1.0161737413478
0.84062500000006,1.2820258933737,0.92380025421509,1.0161802796366
0.84082031250006,1.2821572564278,0.92380619660094,1.016186816261
0.84101562500006,1.2822886070733,0.92381213747398,1.0161933512214
0.84121093750006,1.2824199453078,0.92381807683441,1.0161998845179
0.84140625000006,1.2825512711286,0.92382401468245,1.0162064161507
0.84160156250006,1.282682584533,0.92382995101829,1.0162129461201
0.84179687500006,1.2828138855184,0.92383588584215,1.0162194744264
0.84199218750006,1.2829451740822,0.92384181915423,1.0162260010697
0.84218750000006,1.2830764502218,0.92384775095476,1.0162325260502
0.84238281250006,1.2832077139347,0.92385368124394,1.0162390493683
0.84257812500006,1.2833389652183,0.92385961002198,1.0162455710242
0.84277343750006,1.28347020407,0.92386553728909,1.016252091018
0.84296875000006,1.2836014304874,0.9238714630455,1.0162586093501
0.84316406250006,1.2837326444679,0.92387738729141,1.0162651260206
0.84335937500006,1.283863846009,0.92388331002705,1.0162716410298
0.84355468750006,1.2839950351082,0.92388923125262,1.0162781543779
0.84375000000006,1.2841262117631,0.92389515096835,1.0162846660652
0.84394531250006,1.2842573759712,0.92390106917445,1.0162911760919
0.84414062500006,1.2843885277301,0.92390698587114,1.0162976844583
0.84433593750006,1.2845196670373,0.92391290105864,1.0163041911645
0.84453125000006,1.2846507938904,0.92391881473718,1.0163106962109
0.84472656250006,1.2847819082871,0.92392472690697,1.0163171995977
0.84492187500006,1.2849130102249,0.92393063756823,1.0163237013251
0.84511718750006,1.2850440997014,0.92393654672119,1.0163302013933
0.84531250000006,1.2851751767144,0.92394245436607,1.0163366998027
0.84550781250006,1.2853062412615,0.9239483605031,1.0163431965534
0.84570312500006,1.2854372933404,0.9239542651325,1.0163496916457
0.84589843750006,1.2855683329487,0.92396016825449,1.0163561850799
0.84609375000006,1.2856993600841,0.9239660698693,1.0163626768562
0.84628906250006,1.2858303747444,0.92397196997717,1.0163691669749
0.84648437500006,1.2859613769273,0.92397786857831,1.0163756554361
0.84667968750006,1.2860923666305,0.92398376567296,1.0163821422403
0.84687500000006,1.2862233438518,0.92398966126135,1.0163886273875
0.84707031250006,1.2863543085889,0.9239955553437,1.0163951108781
0.84726562500006,1.2864852608397,0.92400144792025,1.0164015927123
0.84746093750006,1.286616200602,0.92400733899123,1.0164080728903
0.84765625000006,1.2867471278735,0.92401322855687,1.0164145514126
0.84785156250006,1.2868780426521,0.9240191166174,1.0164210282791
0.84804687500006,1.2870089449356,0.92402500317306,1.0164275034904
0.84824218750006,1.2871398347219,0.92403088822409,1.0164339770465
0.84843750000006,1.2872707120088,0.92403677177071,1.0164404489478
0.84863281250006,1.2874015767943,0.92404265381317,1.0164469191945
0.84882812500006,1.2875324290762,0.9240485343517,1.0164533877869
0.84902343750006,1.2876632688525,0.92405441338655,1.0164598547252
0.84921875000006,1.287794096121,0.92406029091793,1.0164663200097
0.84941406250006,1.2879249108797,0.92406616694611,1.0164727836407
0.84960937500006,1.2880557131265,0.92407204147131,1.0164792456184
0.84980468750006,1.2881865028595,0.92407791449378,1.0164857059432
0.85000000000006,1.2883172800765,0.92408378601376,1.0164921646151
0.85019531250006,1.2884480447757,0.92408965603149,1.0164986216346
0.85039062500006,1.2885787969549,0.92409552454721,1.0165050770019
0.85058593750006,1.2887095366122,0.92410139156117,1.0165115307173
0.85078125000006,1.2888402637457,0.92410725707361,1.016517982781
0.85097656250006,1.2889709783533,0.92411312108477,1.0165244331933
0.85117187500006,1.2891016804332,0.92411898359491,1.0165308819544
0.85136718750006,1.2892323699833,0.92412484460426,1.0165373290647
0.85156250000006,1.2893630470019,0.92413070411308,1.0165437745244
0.85175781250006,1.2894937114869,0.9241365621216,1.0165502183338
0.85195312500006,1.2896243634366,0.92414241863009,1.0165566604931
0.85214843750006,1.2897550028489,0.92414827363878,1.0165631010027
0.85234375000006,1.2898856297222,0.92415412714794,1.0165695398627
0.85253906250006,1.2900162440544,0.9241599791578,1.0165759770736
0.85273437500006,1.2901468458438,0.92416582966862,1.0165824126355
0.85292968750006,1.2902774350886,0.92417167868066,1.0165888465487
0.85312500000006,1.2904080117869,0.92417752619416,1.0165952788136
0.85332031250006,1.290538575937,0.92418337220937,1.0166017094303
0.85351562500006,1.290669127537,0.92418921672656,1.0166081383992
0.85371093750006,1.2907996665852,0.92419505974597,1.0166145657206
0.85390625000006,1.2909301930798,0.92420090126786,1.0166209913946
0.85410156250006,1.2910607070191,0.92420674129249,1.0166274154217
0.85429687500006,1.2911912084014,0.92421257982011,1.0166338378021
0.85449218750006,1.2913216972249,0.92421841685098,1.0166402585361
0.85468750000006,1.2914521734879,0.92422425238536,1.0166466776239
0.85488281250006,1.2915826371888,0.92423008642351,1.0166530950659
0.85507812500006,1.2917130883258,0.92423591896568,1.0166595108622
0.85527343750006,1.2918435268973,0.92424175001213,1.0166659250133
0.85546875000006,1.2919739529017,0.92424757956314,1.0166723375195
0.85566406250006,1.2921043663372,0.92425340761895,1.0166787483808
0.85585937500006,1.2922347672023,0.92425923417982,1.0166851575978
0.85605468750006,1.2923651554953,0.92426505924603,1.0166915651706
0.85625000000006,1.2924955312146,0.92427088281784,1.0166979710996
0.85644531250006,1.2926258943587,0.9242767048955,1.0167043753851
0.85664062500006,1.292756244926,0.92428252547929,1.0167107780272
0.85683593750006,1.2928865829149,0.92428834456946,1.0167171790264
0.85703125000006,1.2930169083237,0.92429416216629,1.0167235783829
0.85722656250006,1.2931472211511,0.92429997827003,1.016729976097
0.85742187500006,1.2932775213955,0.92430579288097,1.0167363721691
0.85761718750006,1.2934078090554,0.92431160599935,1.0167427665993
0.85781250000006,1.293538084129,0.92431741762547,1.016749159388
0.85800781250006,1.2936683466153,0.92432322775957,1.0167555505355
0.85820312500006,1.2937985965125,0.92432903640193,1.0167619400421
0.85839843750006,1.2939288338192,0.92433484355283,1.0167683279081
0.85859375000006,1.2940590585339,0.92434064921253,1.0167747141338
0.85878906250006,1.2941892706553,0.9243464533813,1.0167810987194
0.85898437500006,1.2943194701818,0.92435225605942,1.0167874816654
0.85917968750006,1.2944496571122,0.92435805724716,1.0167938629719
0.85937500000006,1.2945798314448,0.92436385694478,1.0168002426393
0.85957031250006,1.2947099931785,0.92436965515258,1.0168066206678
0.85976562500006,1.2948401423117,0.92437545187082,1.0168129970579
0.85996093750006,1.2949702788431,0.92438124709977,1.0168193718097
0.86015625000006,1.2951004027714,0.92438704083971,1.0168257449237
0.86035156250006,1.2952305140952,0.92439283309092,1.0168321164
0.86054687500006,1.2953606128131,0.92439862385368,1.0168384862391
0.86074218750006,1.2954906989239,0.92440441312826,1.0168448544411
0.86093750000006,1.2956207724263,0.92441020091494,1.0168512210064
0.86113281250006,1.2957508333189,0.92441598721401,1.0168575859354
0.86132812500006,1.2958808816005,0.92442177202573,1.0168639492283
0.86152343750006,1.2960109172697,0.92442755535039,1.0168703108854
0.86171875000006,1.2961409403254,0.92443333718827,1.0168766709071
0.86191406250006,1.2962709507663,0.92443911753965,1.0168830292936
0.86210937500006,1.2964009485911,0.92444489640482,1.0168893860453
0.86230468750006,1.2965309337986,0.92445067378406,1.0168957411625
0.86250000000006,1.2966609063876,0.92445644967764,1.0169020946454
0.86269531250006,1.296790866357,0.92446222408586,1.0169084464944
0.86289062500006,1.2969208137054,0.92446799700899,1.0169147967099
0.86308593750006,1.2970507484318,0.92447376844732,1.0169211452921
0.86328125000006,1.2971806705349,0.92447953840115,1.0169274922413
0.86347656250006,1.2973105800136,0.92448530687075,1.0169338375578
0.86367187500006,1.2974404768668,0.9244910738564,1.016940181242
0.86386718750006,1.2975703610934,0.92449683935841,1.0169465232943
0.86406250000006,1.2977002326921,0.92450260337705,1.0169528637148
0.86425781250006,1.2978300916619,0.92450836591262,1.0169592025039
0.86445312500006,1.2979599380018,0.92451412696539,1.0169655396619
0.86464843750006,1.2980897717106,0.92451988653568,1.0169718751892
0.86484375000006,1.2982195927872,0.92452564462375,1.0169782090861
0.86503906250006,1.2983494012306,0.92453140122991,1.0169845413529
0.86523437500006,1.2984791970397,0.92453715635444,1.0169908719899
0.86542968750006,1.2986089802136,0.92454290999763,1.0169972009974
0.86562500000006,1.2987387507511,0.92454866215979,1.0170035283758
0.86582031250006,1.2988685086512,0.9245544128412,1.0170098541253
0.86601562500006,1.298998253913,0.92456016204216,1.0170161782464
0.86621093750006,1.2991279865354,0.92456590976295,1.0170225007392
0.86640625000006,1.2992577065175,0.92457165600388,1.0170288216043
0.86660156250006,1.2993874138583,0.92457740076524,1.0170351408418
0.86679687500006,1.2995171085569,0.92458314404732,1.0170414584521
0.86699218750006,1.2996467906122,0.92458888585042,1.0170477744355
0.86718750000006,1.2997764600234,0.92459462617485,1.0170540887923
0.86738281250006,1.2999061167895,0.92460036502089,1.017060401523
0.86757812500006,1.3000357609096,0.92460610238884,1.0170667126277
0.86777343750006,1.3001653923828,0.92461183827901,1.0170730221069
0.86796875000006,1.3002950112082,0.92461757269169,1.0170793299609
0.86816406250006,1.3004246173849,0.92462330562718,1.0170856361899
0.86835937500006,1.3005542109121,0.92462903708578,1.0170919407944
0.86855468750006,1.3006837917889,0.92463476706779,1.0170982437746
0.86875000000006,1.3008133600145,0.92464049557352,1.0171045451309
0.86894531250006,1.3009429155879,0.92464622260326,1.0171108448636
0.86914062500006,1.3010724585084,0.92465194815733,1.0171171429731
0.86933593750006,1.3012019887752,0.92465767223601,1.0171234394596
0.86953125000006,1.3013315063875,0.92466339483962,1.0171297343236
0.86972656250006,1.3014610113444,0.92466911596845,1.0171360275653
0.86992187500006,1.3015905036453,0.92467483562282,1.0171423191851
0.87011718750006,1.3017199832892,0.92468055380303,1.0171486091833
0.87031250000006,1.3018494502755,0.92468627050938,1.0171548975603
0.87050781250006,1.3019789046035,0.92469198574218,1.0171611843164
0.87070312500006,1.3021083462722,0.92469769950173,1.0171674694519
0.87089843750006,1.3022377752812,0.92470341178835,1.0171737529672
0.87109375000006,1.3023671916295,0.92470912260234,1.0171800348626
0.87128906250006,1.3024965953165,0.92471483194401,1.0171863151384
0.87148437500006,1.3026259863416,0.92472053981367,1.017192593795
0.87167968750006,1.302755364704,0.92472624621163,1.0171988708328
0.87187500000006,1.3028847304031,0.92473195113819,1.017205146252
0.87207031250006,1.3030140834381,0.92473765459367,1.017211420053
0.87226562500006,1.3031434238085,0.92474335657838,1.0172176922362
0.87246093750006,1.3032727515136,0.92474905709263,1.0172239628019
0.87265625000006,1.3034020665527,0.92475475613673,1.0172302317504
0.87285156250006,1.3035313689253,0.924760453711,1.0172364990821
0.87304687500006,1.3036606586307,0.92476614981574,1.0172427647973
0.87324218750006,1.3037899356684,0.92477184445127,1.0172490288964
0.87343750000006,1.3039192000377,0.92477753761791,1.0172552913797
0.87363281250006,1.304048451738,0.92478322931596,1.0172615522476
0.87382812500006,1.3041776907688,0.92478891954575,1.0172678115003
0.87402343750006,1.3043069171296,0.92479460830758,1.0172740691383
0.87421875000006,1.3044361308198,0.92480029560178,1.017280325162
0.87441406250007,1.3045653318387,0.92480598142866,1.0172865795715
0.87460937500007,1.3046945201861,0.92481166578854,1.0172928323674
0.87480468750007,1.3048236958612,0.92481734868173,1.0172990835499
0.87500000000007,1.3049528588636,0.92482303010856,1.0173053331194
0.87519531250007,1.3050820091928,0.92482871006933,1.0173115810763
0.87539062500007,1.3052111468483,0.92483438856438,1.0173178274208
0.87558593750007,1.3053402718296,0.92484006559401,1.0173240721534
0.87578125000007,1.3054693841363,0.92484574115856,1.0173303152744
0.87597656250007,1.3055984837679,0.92485141525833,1.0173365567842
0.87617187500007,1.305727570724,0.92485708789366,1.017342796683
0.87636718750007,1.3058566450041,0.92486275906485,1.0173490349713
0.87656250000007,1.3059857066078,0.92486842877224,1.0173552716495
0.87675781250007,1.3061147555348,0.92487409701614,1.0173615067178
0.87695312500007,1.3062437917845,0.92487976379688,1.0173677401766
0.87714843750007,1.3063728153565,0.92488542911478,1.0173739720263
0.87734375000007,1.3065018262506,0.92489109297017,1.0173802022672
0.87753906250007,1.3066308244664,0.92489675536337,1.0173864308997
0.87773437500007,1.3067598100034,0.9249024162947,1.0173926579242
0.87792968750007,1.3068887828613,0.92490807576448,1.0173988833409
0.87812500000007,1.3070177430397,0.92491373377306,1.0174051071504
0.87832031250007,1.3071466905384,0.92491939032074,1.0174113293528
0.87851562500007,1.3072756253571,0.92492504540785,1.0174175499486
0.87871093750007,1.3074045474953,0.92493069903474,1.0174237689382
0.87890625000007,1.3075334569527,0.92493635120171,1.0174299863219
0.87910156250007,1.3076623537292,0.9249420019091,1.0174362021
0.87929687500007,1.3077912378244,0.92494765115724,1.017442416273
0.87949218750007,1.3079201092381,0.92495329894645,1.0174486288411
0.87968750000007,1.3080489679699,0.92495894527707,1.0174548398048
0.87988281250007,1.3081778140196,0.92496459014942,1.0174610491644
0.88007812500007,1.3083066473869,0.92497023356384,1.0174672569202
0.88027343750007,1.3084354680717,0.92497587552065,1.0174734630727
0.88046875000007,1.3085642760737,0.92498151602019,1.0174796676222
0.88066406250007,1.3086930713927,0.92498715506278,1.0174858705691
0.88085937500007,1.3088218540285,0.92499279264877,1.0174920719136
0.88105468750007,1.3089506239808,0.92499842877848,1.0174982716563
0.88125000000007,1.3090793812496,0.92500406345224,1.0175044697975
0.88144531250007,1.3092081258345,0.92500969667039,1.0175106663374
0.88164062500007,1.3093368577356,0.92501532843327,1.0175168612766
0.88183593750007,1.3094655769525,0.9250209587412,1.0175230546153
0.88203125000007,1.3095942834851,0.92502658759452,1.017529246354
0.88222656250007,1.3097229773333,0.92503221499356,1.0175354364929
0.88242187500007,1.309851658497,0.92503784093867,1.0175416250325
0.88261718750007,1.3099803269761,0.92504346543017,1.0175478119732
0.88281250000007,1.3101089827704,0.92504908846841,1.0175539973153
0.88300781250007,1.3102376258798,0.92505471005372,1.0175601810591
0.88320312500007,1.3103662563043,0.92506033018643,1.0175663632051
0.88339843750007,1.3104948740437,0.92506594886689,1.0175725437536
0.88359375000007,1.310623479098,0.92507156609544,1.017578722705
0.88378906250007,1.3107520714671,0.9250771818724,1.0175849000596
0.88398437500007,1.310880651151,0.92508279619813,1.0175910758179
0.88417968750007,1.3110092181497,0.92508840907296,1.0175972499803
0.88437500000007,1.311137772463,0.92509402049722,1.0176034225469
0.88457031250007,1.3112663140909,0.92509963047127,1.0176095935184
0.88476562500007,1.3113948430336,0.92510523899543,1.017615762895
0.88496093750007,1.3115233592908,0.92511084607006,1.0176219306771
0.88515625000007,1.3116518628627,0.92511645169549,1.017628096865
0.88535156250007,1.3117803537492,0.92512205587207,1.0176342614593
0.88554687500007,1.3119088319504,0.92512765860013,1.0176404244601
0.88574218750007,1.3120372974663,0.92513325988002,1.017646585868
0.88593750000007,1.312165750297,0.92513885971209,1.0176527456833
0.88613281250007,1.3122941904424,0.92514445809667,1.0176589039063
0.88632812500007,1.3124226179026,0.92515005503412,1.0176650605375
0.88652343750007,1.3125510326778,0.92515565052477,1.0176712155772
0.88671875000007,1.3126794347679,0.92516124456896,1.0176773690259
0.88691406250007,1.3128078241731,0.92516683716706,1.0176835208838
0.88710937500007,1.3129362008934,0.92517242831939,1.0176896711513
0.88730468750007,1.313064564929,0.92517801802631,1.0176958198289
0.88750000000007,1.3131929162799,0.92518360628816,1.017701966917
0.88769531250007,1.3133212549463,0.9251891931053,1.0177081124158
0.88789062500007,1.3134495809284,0.92519477847805,1.0177142563259
0.88808593750007,1.3135778942262,0.92520036240679,1.0177203986475
0.88828125000007,1.3137061948399,0.92520594489184,1.017726539381
0.88847656250007,1.3138344827696,0.92521152593357,1.0177326785269
0.88867187500007,1.3139627580156,0.92521710553232,1.0177388160855
0.88886718750007,1.3140910205779,0.92522268368843,1.0177449520573
0.88906250000007,1.3142192704569,0.92522826040227,1.0177510864425
0.88925781250007,1.3143475076525,0.92523383567417,1.0177572192416
0.88945312500007,1.3144757321652,0.92523940950449,1.0177633504549
0.88964843750007,1.314603943995,0.92524498189358,1.0177694800829
0.88984375000007,1.3147321431422,0.92525055284179,1.017775608126
0.89003906250007,1.314860329607,0.92525612234947,1.0177817345844
0.89023437500007,1.3149885033897,0.92526169041697,1.0177878594587
0.89042968750007,1.3151166644905,0.92526725704465,1.0177939827491
0.89062500000007,1.3152448129096,0.92527282223286,1.0178001044562
0.89082031250007,1.3153729486473,0.92527838598196,1.0178062245802
0.89101562500007,1.3155010717039,0.92528394829228,1.0178123431215
0.89121093750007,1.3156291820797,0.9252895091642,1.0178184600806
0.89140625000007,1.3157572797748,0.92529506859806,1.0178245754579
0.89160156250007,1.3158853647898,0.92530062659421,1.0178306892536
0.89179687500007,1.3160134371248,0.92530618315302,1.0178368014683
0.89199218750007,1.3161414967801,0.92531173827484,1.0178429121023
0.89218750000007,1.3162695437561,0.92531729196002,1.017849021156
0.89238281250007,1.3163975780531,0.92532284420892,1.0178551286298
0.89257812500007,1.3165255996715,0.9253283950219,1.0178612345241
0.89277343750007,1.3166536086116,0.92533394439931,1.0178673388392
0.89296875000007,1.3167816048737,0.92533949234151,1.0178734415757
0.89316406250007,1.3169095884582,0.92534503884886,1.0178795427337
0.89335937500007,1.3170375593655,0.92535058392171,1.0178856423139
0.89355468750007,1.317165517596,0.92535612756042,1.0178917403165
0.89375000000007,1.31729346315,0.92536166976536,1.0178978367419
0.89394531250007,1.317421396028,0.92536721053688,1.0179039315906
0.89414062500007,1.3175493162304,0.92537274987534,1.0179100248629
0.89433593750007,1.3176772237575,0.9253782877811,1.0179161165592
0.89453125000007,1.3178051186098,0.92538382425452,1.01792220668
0.89472656250007,1.3179330007878,0.92538935929596,1.0179282952256
0.89492187500007,1.3180608702918,0.92539489290578,1.0179343821964
0.89511718750007,1.3181887271224,0.92540042508435,1.0179404675928
0.89531250000007,1.3183165712799,0.92540595583202,1.0179465514152
0.89550781250007,1.3184444027648,0.92541148514915,1.0179526336641
0.89570312500007,1.3185722215777,0.92541701303611,1.0179587143397
0.89589843750007,1.3187000277189,0.92542253949326,1.0179647934426
0.89609375000007,1.3188278211891,0.92542806452097,1.0179708709731
0.89628906250007,1.3189556019886,0.92543358811959,1.0179769469316
0.89648437500007,1.319083370118,0.9254391102895,1.0179830213184
0.89667968750007,1.3192111255778,0.92544463103104,1.0179890941341
0.89687500000007,1.3193388683686,0.9254501503446,1.0179951653791
0.89707031250007,1.3194665984907,0.92545566823052,1.0180012350536
0.89726562500007,1.3195943159449,0.92546118468919,1.0180073031581
0.89746093750007,1.3197220207316,0.92546669972096,1.0180133696931
0.89765625000007,1.3198497128514,0.92547221332619,1.0180194346588
0.89785156250007,1.3199773923048,0.92547772550527,1.0180254980558
0.89804687500007,1.3201050590925,0.92548323625854,1.0180315598844
0.89824218750007,1.3202327132149,0.92548874558638,1.018037620145
0.89843750000007,1.3203603546728,0.92549425348915,1.0180436788381
0.89863281250007,1.3204879834666,0.92549975996723,1.0180497359639
0.89882812500007,1.320615599597,0.92550526502097,1.0180557915231
0.89902343750007,1.3207432030646,0.92551076865075,1.0180618455158
0.89921875000007,1.3208707938701,0.92551627085694,1.0180678979426
0.89941406250007,1.3209983720139,0.9255217716399,1.0180739488039
0.89960937500007,1.3211259374969,0.92552727100001,1.0180799981
0.89980468750007,1.3212534903195,0.92553276893763,1.0180860458314
0.90000000000007,1.3213810304825,0.92553826545313,1.0180920919984
0.90019531250007,1.3215085579866,0.92554376054688,1.0180981366016
0.90039062500007,1.3216360728323,0.92554925421925,1.0181041796412
0.90058593750007,1.3217635750204,0.92555474647062,1.0181102211177
0.90078125000007,1.3218910645515,0.92556023730135,1.0181162610315
0.90097656250007,1.3220185414264,0.92556572671181,1.018122299383
0.90117187500007,1.3221460056457,0.92557121470238,1.0181283361726
0.90136718750007,1.3222734572102,0.92557670127343,1.0181343714008
0.90156250000007,1.3224008961204,0.92558218642533,1.0181404050679
0.90175781250007,1.3225283223773,0.92558767015845,1.0181464371743
0.90195312500007,1.3226557359815,0.92559315247316,1.0181524677205
0.90214843750007,1.3227831369336,0.92559863336985,1.0181584967068
0.90234375000007,1.3229105252346,0.92560411284888,1.0181645241338
0.90253906250007,1.3230379008851,0.92560959091062,1.0181705500017
0.90273437500007,1.3231652638858,0.92561506755545,1.018176574311
0.90292968750007,1.3232926142376,0.92562054278375,1.0181825970621
0.90312500000007,1.3234199519413,0.92562601659588,1.0181886182555
0.90332031250007,1.3235472769975,0.92563148899223,1.0181946378915
0.90351562500007,1.3236745894071,0.92563695997317,1.0182006559705
0.90371093750007,1.3238018891709,0.92564242953907,1.018206672493
0.90390625000007,1.3239291762897,0.92564789769031,1.0182126874593
0.90410156250007,1.3240564507643,0.92565336442727,1.01821870087
0.90429687500007,1.3241837125956,0.92565882975032,1.0182247127254
0.90449218750007,1.3243109617843,0.92566429365984,1.0182307230258
0.90468750000007,1.3244381983312,0.92566975615621,1.0182367317718
0.90488281250007,1.3245654222373,0.9256752172398,1.0182427389638
0.90507812500007,1.3246926335034,0.92568067691099,1.0182487446021
0.90527343750007,1.3248198321303,0.92568613517017,1.0182547486872
0.90546875000007,1.3249470181189,0.9256915920177,1.0182607512195
0.90566406250007,1.3250741914701,0.92569704745396,1.0182667521994
0.90585937500007,1.3252013521847,0.92570250147935,1.0182727516273
0.90605468750007,1.3253285002636,0.92570795409422,1.0182787495036
0.90625000000007,1.3254556357078,0.92571340529897,1.0182847458289
0.90644531250007,1.3255827585181,0.92571885509398,1.0182907406034
0.90664062500007,1.3257098686954,0.92572430347962,1.0182967338276
0.90683593750007,1.3258369662407,0.92572975045627,1.0183027255019
0.90703125000007,1.3259640511548,0.92573519602431,1.0183087156267
0.90722656250007,1.3260911234387,0.92574064018413,1.0183147042025
0.90742187500007,1.3262181830934,0.92574608293611,1.0183206912297
0.90761718750007,1.3263452301198,0.92575152428063,1.0183266767087
0.90781250000007,1.3264722645187,0.92575696421806,1.0183326606399
0.90800781250007,1.3265992862913,0.9257624027488,1.0183386430237
0.90820312500007,1.3267262954384,0.92576783987322,1.0183446238605
0.90839843750007,1.3268532919611,0.9257732755917,1.0183506031509
0.90859375000007,1.3269802758603,0.92577870990464,1.0183565808951
0.90878906250007,1.3271072471369,0.9257841428124,1.0183625570936
0.90898437500007,1.3272342057921,0.92578957431539,1.0183685317469
0.90917968750007,1.3273611518268,0.92579500441397,1.0183745048554
0.90937500000007,1.3274880852419,0.92580043310853,1.0183804764194
0.90957031250007,1.3276150060386,0.92580586039946,1.0183864464394
0.90976562500007,1.3277419142178,0.92581128628715,1.0183924149159
0.90996093750007,1.3278688097806,0.92581671077197,1.0183983818492
0.91015625000007,1.327995692728,0.92582213385431,1.0184043472397
0.91035156250007,1.3281225630611,0.92582755553456,1.018410311088
0.91054687500007,1.3282494207808,0.9258329758131,1.0184162733944
0.91074218750007,1.3283762658883,0.92583839469032,1.0184222341594
0.91093750000007,1.3285030983847,0.9258438121666,1.0184281933833
0.91113281250007,1.3286299182709,0.92584922824234,1.0184341510666
0.91132812500007,1.3287567255481,0.92585464291791,1.0184401072097
0.91152343750007,1.3288835202174,0.9258600561937,1.0184460618131
0.91171875000007,1.3290103022799,0.92586546807011,1.0184520148771
0.91191406250007,1.3291370717366,0.92587087854751,1.0184579664023
0.91210937500007,1.3292638285886,0.9258762876263,1.0184639163889
0.91230468750007,1.3293905728371,0.92588169530687,1.0184698648376
0.91250000000007,1.3295173044833,0.9258871015896,1.0184758117486
0.91269531250007,1.3296440235281,0.92589250647487,1.0184817571224
0.91289062500007,1.3297707299729,0.92589790996309,1.0184877009594
0.91308593750007,1.3298974238186,0.92590331205464,1.0184936432601
0.91328125000007,1.3300241050664,0.9259087127499,1.0184995840249
0.91347656250007,1.3301507737176,0.92591411204927,1.0185055232542
0.91367187500007,1.3302774297732,0.92591950995314,1.0185114609485
0.91386718750007,1.3304040732345,0.92592490646189,1.0185173971081
0.91406250000007,1.3305307041025,0.92593030157592,1.0185233317335
0.91425781250007,1.3306573223786,0.92593569529562,1.0185292648252
0.91445312500007,1.3307839280638,0.92594108762138,1.0185351963835
0.91464843750007,1.3309105211594,0.92594647855358,1.0185411264089
0.91484375000007,1.3310371016666,0.92595186809263,1.0185470549019
0.91503906250007,1.3311636695865,0.9259572562389,1.0185529818628
0.91523437500007,1.3312902249204,0.9259626429928,1.0185589072921
0.91542968750007,1.3314167676696,0.92596802835472,1.0185648311902
0.91562500000007,1.3315432978352,0.92597341232504,1.0185707535575
0.91582031250007,1.3316698154185,0.92597879490416,1.0185766743946
0.91601562500007,1.3317963204207,0.92598417609248,1.0185825937017
0.91621093750007,1.331922812843,0.92598955589038,1.0185885114794
0.91640625000007,1.3320492926868,0.92599493429826,1.0185944277281
0.91660156250007,1.3321757599536,0.92600031131651,1.0186003424482
0.91679687500007,1.3323022146438,0.92600568694552,1.0186062556401
0.91699218750007,1.3324286567595,0.9260110611857,1.0186121673043
0.91718750000007,1.3325550863016,0.92601643403742,1.0186180774412
0.91738281250007,1.3326815032716,0.9260218055011,1.0186239860512
0.91757812500007,1.3328079076706,0.92602717557712,1.0186298931348
0.91777343750007,1.3329342995001,0.92603254426587,1.0186357986925
0.91796875000007,1.3330606787612,0.92603791156776,1.0186417027245
0.91816406250007,1.3331870454553,0.92604327748318,1.0186476052315
0.91835937500008,1.3333133995838,0.92604864201251,1.0186535062138
0.91855468750008,1.3334397411479,0.92605400515617,1.0186594056718
0.91875000000008,1.333566070149,0.92605936691454,1.018665303606
0.91894531250008,1.3336923865884,0.92606472728802,1.0186712000168
0.91914062500008,1.3338186904675,0.92607008627701,1.0186770949047
0.91933593750008,1.3339449817876,0.9260754438819,1.0186829882701
0.91953125000008,1.3340712605501,0.92608080010309,1.0186888801134
0.91972656250008,1.3341975267564,0.92608615494098,1.0186947704351
0.91992187500008,1.3343237804077,0.92609150839597,1.0187006592356
0.92011718750008,1.3344500215056,0.92609686046844,1.0187065465153
0.92031250000008,1.3345762500513,0.92610221115881,1.0187124322747
0.92050781250008,1.3347024660463,0.92610756046746,1.0187183165142
0.92070312500008,1.3348286694919,0.92611290839481,1.0187241992343
0.92089843750008,1.3349548603896,0.92611825494123,1.0187300804354
0.92109375000008,1.3350810387408,0.92612360010714,1.0187359601179
0.92128906250008,1.3352072045468,0.92612894389293,1.0187418382822
0.92148437500008,1.3353333578092,0.926134286299,1.0187477149289
0.92167968750008,1.3354594985293,0.92613962732575,1.0187535900583
0.92187500000008,1.3355856267085,0.92614496697358,1.0187594636709
0.92207031250008,1.3357117423484,0.92615030524289,1.0187653357672
0.92226562500008,1.3358378454503,0.92615564213408,1.0187712063475
0.92246093750008,1.3359639360157,0.92616097764755,1.0187770754123
0.92265625000008,1.3360900140461,0.9261663117837,1.0187829429621
0.92285156250008,1.3362160795428,0.92617164454292,1.0187888089972
0.92304687500008,1.3363421325075,0.92617697592563,1.0187946735182
0.92324218750008,1.3364681729415,0.92618230593222,1.0188005365254
0.92343750000008,1.3365942008464,0.9261876345631,1.0188063980194
0.92363281250008,1.3367202162237,0.92619296181866,1.0188122580005
0.92382812500008,1.3368462190747,0.9261982876993,1.0188181164692
0.92402343750008,1.3369722094011,0.92620361220543,1.018823973426
0.92421875000008,1.3370981872043,0.92620893533745,1.0188298288712
0.92441406250008,1.3372241524859,0.92621425709577,1.0188356828053
0.92460937500008,1.3373501052473,0.92621957748077,1.0188415352289
0.92480468750008,1.3374760454902,0.92622489649288,1.0188473861422
0.92500000000008,1.3376019732159,0.92623021413248,1.0188532355457
0.92519531250008,1.3377278884261,0.92623553039999,1.01885908344
0.92539062500008,1.3378537911224,0.9262408452958,1.0188649298254
0.92558593750008,1.3379796813061,0.92624615882032,1.0188707747023
0.92578125000008,1.338105558979,0.92625147097395,1.0188766180713
0.92597656250008,1.3382314241425,0.9262567817571,1.0188824599328
0.92617187500008,1.3383572767982,0.92626209117017,1.0188883002872
0.92636718750008,1.3384831169478,0.92626739921356,1.0188941391349
0.92656250000008,1.3386089445927,0.92627270588768,1.0188999764765
0.92675781250008,1.3387347597346,0.92627801119294,1.0189058123122
0.92695312500008,1.338860562375,0.92628331512973,1.0189116466427
0.92714843750008,1.3389863525156,0.92628861769847,1.0189174794683
0.92734375000008,1.339112130158,0.92629391889955,1.0189233107895
0.92753906250008,1.3392378953036,0.92629921873339,1.0189291406067
0.92773437500008,1.3393636479543,0.92630451720039,1.0189349689204
0.92792968750008,1.3394893881115,0.92630981430095,1.018940795731
0.92812500000008,1.3396151157769,0.92631511003548,1.018946621039
0.92832031250008,1.3397408309522,0.92632040440439,1.0189524448448
0.92851562500008,1.3398665336389,0.92632569740808,1.0189582671489
0.92871093750008,1.3399922238388,0.92633098904696,1.0189640879517
0.92890625000008,1.3401179015534,0.92633627932143,1.0189699072536
0.92910156250008,1.3402435667844,0.92634156823191,1.0189757250551
0.92929687500008,1.3403692195335,0.9263468557788,1.0189815413567
0.92949218750008,1.3404948598023,0.9263521419625,1.0189873561588
0.92968750000008,1.3406204875925,0.92635742678343,1.0189931694618
0.92988281250008,1.3407461029058,0.92636271024199,1.0189989812662
0.93007812500008,1.3408717057439,0.92636799233858,1.0190047915724
0.93027343750008,1.3409972961084,0.92637327307363,1.019010600381
0.93046875000008,1.3411228740011,0.92637855244753,1.0190164076923
0.93066406250008,1.3412484394236,0.92638383046069,1.0190222135068
0.93085937500008,1.3413739923776,0.92638910711352,1.0190280178249
0.93105468750008,1.3414995328649,0.92639438240644,1.0190338206471
0.93125000000008,1.3416250608872,0.92639965633984,1.0190396219738
0.93144531250008,1.3417505764461,0.92640492891414,1.0190454218056
0.93164062500008,1.3418760795434,0.92641020012975,1.0190512201427
0.93183593750008,1.3420015701809,0.92641546998707,1.0190570169858
0.93203125000008,1.3421270483603,0.92642073848652,1.0190628123352
0.93222656250008,1.3422525140833,0.92642600562851,1.0190686061914
0.93242187500008,1.3423779673516,0.92643127141344,1.0190743985548
0.93261718750008,1.3425034081671,0.92643653584172,1.0190801894259
0.93281250000008,1.3426288365314,0.92644179891377,1.0190859788051
0.93300781250008,1.3427542524464,0.92644706063,1.019091766693
0.93320312500008,1.3428796559138,0.92645232099081,1.0190975530899
0.93339843750008,1.3430050469354,0.92645757999662,1.0191033379963
0.93359375000008,1.343130425513,0.92646283764783,1.0191091214126
0.93378906250008,1.3432557916483,0.92646809394486,1.0191149033393
0.93398437500008,1.3433811453432,0.92647334888812,1.0191206837769
0.93417968750008,1.3435064865994,0.92647860247803,1.0191264627258
0.93437500000008,1.3436318154188,0.92648385471498,1.0191322401865
0.93457031250008,1.3437571318031,0.9264891055994,1.0191380161593
0.93476562500008,1.3438824357542,0.92649435513169,1.0191437906449
0.93496093750008,1.3440077272738,0.92649960331227,1.0191495636435
0.93515625000008,1.3441330063639,0.92650485014155,1.0191553351557
0.93535156250008,1.3442582730262,0.92651009561994,1.0191611051819
0.93554687500008,1.3443835272626,0.92651533974785,1.0191668737226
0.93574218750008,1.3445087690748,0.9265205825257,1.0191726407783
0.93593750000008,1.3446339984649,0.9265258239539,1.0191784063493
0.93613281250008,1.3447592154345,0.92653106403287,1.0191841704362
0.93632812500008,1.3448844199856,0.926536302763,1.0191899330393
0.93652343750008,1.34500961212,0.92654154014473,1.0191956941592
0.93671875000008,1.3451347918396,0.92654677617846,1.0192014537963
0.93691406250008,1.3452599591463,0.9265520108646,1.0192072119511
0.93710937500008,1.3453851140419,0.92655724420357,1.0192129686239
0.93730468750008,1.3455102565283,0.92656247619578,1.0192187238154
0.93750000000008,1.3456353866074,0.92656770684165,1.0192244775258
0.93769531250008,1.3457605042811,0.92657293614159,1.0192302297557
0.93789062500008,1.3458856095512,0.92657816409601,1.0192359805056
0.93808593750008,1.3460107024198,0.92658339070533,1.0192417297759
0.93828125000008,1.3461357828887,0.92658861596997,1.019247477567
0.93847656250008,1.3462608509598,0.92659383989033,1.0192532238794
0.93867187500008,1.346385906635,0.92659906246684,1.0192589687135
0.93886718750008,1.3465109499162,0.9266042836999,1.0192647120699
0.93906250000008,1.3466359808054,0.92660950358994,1.0192704539489
0.93925781250008,1.3467609993046,0.92661472213736,1.0192761943511
0.93945312500008,1.3468860054156,0.92661993934259,1.0192819332769
0.93964843750008,1.3470109991403,0.92662515520604,1.0192876707266
0.93984375000008,1.3471359804808,0.92663036972812,1.0192934067009
0.94003906250008,1.347260949439,0.92663558290926,1.0192991412002
0.94023437500008,1.3473859060169,0.92664079474986,1.0193048742248
0.94042968750008,1.3475108502164,0.92664600525034,1.0193106057754
0.94062500000008,1.3476357820394,0.92665121441112,1.0193163358522
0.94082031250008,1.347760701488,0.92665642223262,1.0193220644559
0.94101562500008,1.3478856085641,0.92666162871525,1.0193277915868
0.94121093750008,1.3480105032698,0.92666683385942,1.0193335172454
0.94140625000008,1.3481353856069,0.92667203766557,1.0193392414321
0.94160156250008,1.3482602555776,0.92667724013409,1.0193449641475
0.94179687500008,1.3483851131837,0.92668244126541,1.019350685392
0.94199218750008,1.3485099584273,0.92668764105995,1.0193564051659
0.94218750000008,1.3486347913104,0.92669283951813,1.0193621234699
0.94238281250008,1.3487596118351,0.92669803664035,1.0193678403044
0.94257812500008,1.3488844200033,0.92670323242704,1.0193735556697
0.94277343750008,1.349009215817,0.92670842687862,1.0193792695665
0.94296875000008,1.3491339992783,0.92671361999551,1.0193849819951
0.94316406250008,1.3492587703892,0.92671881177811,1.0193906929559
0.94335937500008,1.3493835291518,0.92672400222686,1.0193964024495
0.94355468750008,1.3495082755681,0.92672919134216,1.0194021104764
0.94375000000008,1.3496330096401,0.92673437912444,1.0194078170369
0.94394531250008,1.3497577313699,0.92673956557412,1.0194135221315
0.94414062500008,1.3498824407595,0.92674475069161,1.0194192257608
0.94433593750008,1.3500071378111,0.92674993447733,1.0194249279251
0.94453125000008,1.3501318225266,0.92675511693171,1.0194306286249
0.94472656250008,1.3502564949082,0.92676029805515,1.0194363278607
0.94492187500008,1.3503811549579,0.92676547784809,1.0194420256329
0.94511718750008,1.3505058026778,0.92677065631093,1.019447721942
0.94531250000008,1.35063043807,0.9267758334441,1.0194534167885
0.94550781250008,1.3507550611366,0.92678100924802,1.0194591101728
0.94570312500008,1.3508796718796,0.92678618372311,1.0194648020954
0.94589843750008,1.3510042703012,0.92679135686978,1.0194704925568
0.94609375000008,1.3511288564034,0.92679652868846,1.0194761815573
0.94628906250008,1.3512534301885,0.92680169917957,1.0194818690975
0.94648437500008,1.3513779916584,0.92680686834352,1.0194875551779
0.94667968750008,1.3515025408154,0.92681203618074,1.0194932397988
0.94687500000008,1.3516270776615,0.92681720269165,1.0194989229608
0.94707031250008,1.3517516021988,0.92682236787667,1.0195046046643
0.94726562500008,1.3518761144296,0.92682753173621,1.0195102849098
0.94746093750008,1.3520006143558,0.92683269427071,1.0195159636978
0.94765625000008,1.3521251019798,0.92683785548057,1.0195216410286
0.94785156250008,1.3522495773035,0.92684301536623,1.0195273169029
0.94804687500008,1.3523740403292,0.92684817392809,1.0195329913209
0.94824218750008,1.3524984910591,0.92685333116659,1.0195386642833
0.94843750000008,1.3526229294952,0.92685848708215,1.0195443357904
0.94863281250008,1.3527473556398,0.92686364167518,1.0195500058427
0.94882812500008,1.352871769495,0.9268687949461,1.0195556744407
0.94902343750008,1.3529961710629,0.92687394689535,1.0195613415849
0.94921875000008,1.3531205603458,0.92687909752333,1.0195670072757
0.94941406250008,1.3532449373459,0.92688424683048,1.0195726715135
0.94960937500008,1.3533693020653,0.9268893948172,1.0195783342989
0.94980468750008,1.3534936545063,0.92689454148394,1.0195839956323
0.95000000000008,1.3536179946709,0.9268996868311,1.0195896555142
0.95019531250008,1.3537423225615,0.92690483085912,1.019595313945
0.95039062500008,1.3538666381802,0.9269099735684,1.0196009709252
0.95058593750008,1.3539909415292,0.92691511495938,1.0196066264553
0.95078125000008,1.3541152326108,0.92692025503248,1.0196122805357
0.95097656250008,1.3542395114272,0.92692539378812,1.0196179331669
0.95117187500008,1.3543637779805,0.92693053122672,1.0196235843494
0.95136718750008,1.3544880322731,0.92693566734871,1.0196292340836
0.95156250000008,1.354612274307,0.9269408021545,1.0196348823699
0.95175781250008,1.3547365040847,0.92694593564452,1.019640529209
0.95195312500008,1.3548607216083,0.92695106781921,1.0196461746011
0.95214843750008,1.3549849268801,0.92695619867896,1.0196518185469
0.95234375000008,1.3551091199023,0.92696132822422,1.0196574610466
0.95253906250008,1.3552333006771,0.92696645645541,1.0196631021009
0.95273437500008,1.3553574692069,0.92697158337294,1.0196687417102
0.95292968750008,1.3554816254938,0.92697670897724,1.019674379875
0.95312500000008,1.3556057695402,0.92698183326874,1.0196800165956
0.95332031250008,1.3557299013484,0.92698695624786,1.0196856518726
0.95351562500008,1.3558540209205,0.92699207791502,1.0196912857065
0.95371093750008,1.3559781282589,0.92699719827065,1.0196969180977
0.95390625000008,1.3561022233659,0.92700231731518,1.0197025490467
0.95410156250008,1.3562263062437,0.92700743504901,1.0197081785539
0.95429687500008,1.3563503768947,0.92701255147259,1.0197138066198
0.95449218750008,1.3564744353211,0.92701766658633,1.019719433245
0.95468750000008,1.3565984815252,0.92702278039066,1.0197250584297
0.95488281250008,1.3567225155094,0.927027892886,1.0197306821746
0.95507812500008,1.356846537276,0.92703300407278,1.0197363044801
0.95527343750008,1.3569705468272,0.92703811395143,1.0197419253466
0.95546875000008,1.3570945441654,0.92704322252236,1.0197475447746
0.95566406250008,1.3572185292929,0.927048329786,1.0197531627646
0.95585937500008,1.357342502212,0.92705343574279,1.0197587793171
0.95605468750008,1.3574664629251,0.92705854039313,1.0197643944324
0.95625000000008,1.3575904114345,0.92706364373746,1.0197700081112
0.95644531250008,1.3577143477426,0.92706874577621,1.0197756203538
0.95664062500008,1.3578382718516,0.92707384650979,1.0197812311608
0.95683593750008,1.3579621837639,0.92707894593864,1.0197868405325
0.95703125000008,1.3580860834819,0.92708404406318,1.0197924484695
0.95722656250008,1.3582099710079,0.92708914088383,1.0197980549722
0.95742187500008,1.3583338463444,0.92709423640103,1.0198036600411
0.95761718750008,1.3584577094936,0.92709933061519,1.0198092636767
0.95781250000008,1.3585815604579,0.92710442352675,1.0198148658794
0.95800781250008,1.3587053992397,0.92710951513612,1.0198204666497
0.95820312500008,1.3588292258413,0.92711460544374,1.0198260659881
0.95839843750008,1.3589530402652,0.92711969445003,1.019831663895
0.95859375000008,1.3590768425138,0.92712478215541,1.019837260371
0.95878906250008,1.3592006325894,0.92712986856032,1.0198428554164
0.95898437500008,1.3593244104943,0.92713495366518,1.0198484490317
0.95917968750008,1.3594481762311,0.92714003747041,1.0198540412175
0.95937500000008,1.3595719298021,0.92714511997645,1.0198596319741
0.95957031250008,1.3596956712097,0.92715020118372,1.0198652213021
0.95976562500008,1.3598194004564,0.92715528109264,1.0198708092019
0.95996093750008,1.3599431175444,0.92716035970365,1.019876395674
0.96015625000008,1.3600668224763,0.92716543701716,1.0198819807189
0.96035156250008,1.3601905152545,0.92717051303362,1.019887564337
0.96054687500008,1.3603141958814,0.92717558775343,1.0198931465288
0.96074218750008,1.3604378643594,0.92718066117704,1.0198987272947
0.96093750000008,1.3605615206909,0.92718573330486,1.0199043066353
0.96113281250008,1.3606851648784,0.92719080413733,1.0199098845511
0.96132812500008,1.3608087969244,0.92719587367487,1.0199154610424
0.96152343750008,1.3609324168312,0.92720094191791,1.0199210361097
0.96171875000008,1.3610560246014,0.92720600886688,1.0199266097536
0.96191406250008,1.3611796202373,0.9272110745222,1.0199321819744
0.96210937500008,1.3613032037414,0.92721613888431,1.0199377527727
0.96230468750009,1.3614267751163,0.92722120195362,1.019943322149
0.96250000000009,1.3615503343643,0.92722626373058,1.0199488901036
0.96269531250009,1.3616738814878,0.92723132421559,1.0199544566372
0.96289062500009,1.3617974164895,0.9272363834091,1.01996002175
0.96308593750009,1.3619209393718,0.92724144131153,1.0199655854427
0.96328125000009,1.3620444501371,0.92724649792332,1.0199711477156
0.96347656250009,1.3621679487879,0.92725155324487,1.0199767085694
0.96367187500009,1.3622914353267,0.92725660727664,1.0199822680043
0.96386718750009,1.362414909756,0.92726166001903,1.0199878260209
0.96406250000009,1.3625383720784,0.92726671147249,1.0199933826197
0.96425781250009,1.3626618222962,0.92727176163744,1.0199989378012
0.96445312500009,1.362785260412,0.9272768105143,1.0200044915657
0.96464843750009,1.3629086864283,0.92728185810352,1.0200100439139
0.96484375000009,1.3630321003476,0.92728690440551,1.0200155948461
0.96503906250009,1.3631555021725,0.9272919494207,1.0200211443628
0.96523437500009,1.3632788919054,0.92729699314952,1.0200266924645
0.96542968750009,1.3634022695488,0.92730203559241,1.0200322391516
0.96562500000009,1.3635256351053,0.92730707674978,1.0200377844248
0.96582031250009,1.3636489885774,0.92731211662208,1.0200433282843
0.96601562500009,1.3637723299677,0.92731715520972,1.0200488707307
0.96621093750009,1.3638956592787,0.92732219251314,1.0200544117645
0.96640625000009,1.3640189765128,0.92732722853277,1.020059951386
0.96660156250009,1.3641422816728,0.92733226326903,1.0200654895959
0.96679687500009,1.364265574761,0.92733729672235,1.0200710263946
0.96699218750009,1.3643888557801,0.92734232889317,1.0200765617825
0.96718750000009,1.3645121247326,0.9273473597819,1.0200820957601
0.96738281250009,1.3646353816211,0.92735238938899,1.0200876283279
0.96757812500009,1.3647586264481,0.92735741771487,1.0200931594864
0.96777343750009,1.3648818592162,0.92736244475995,1.0200986892359
0.96796875000009,1.365005079928,0.92736747052467,1.0201042175771
0.96816406250009,1.365128288586,0.92737249500946,1.0201097445104
0.96835937500009,1.3652514851928,0.92737751821475,1.0201152700362
0.96855468750009,1.365374669751,0.92738254014096,1.0201207941551
0.96875000000009,1.3654978422632,0.92738756078854,1.0201263168674
0.96894531250009,1.3656210027319,0.9273925801579,1.0201318381737
0.96914062500009,1.3657441511598,0.92739759824948,1.0201373580744
0.96933593750009,1.3658672875495,0.92740261506371,1.0201428765701
0.96953125000009,1.3659904119035,0.92740763060102,1.0201483936611
0.96972656250009,1.3661135242244,0.92741264486183,1.020153909348
0.96992187500009,1.3662366245149,0.92741765784658,1.0201594236312
0.97011718750009,1.3663597127775,0.9274226695557,1.0201649365113
0.97031250000009,1.3664827890149,0.92742767998961,1.0201704479886
0.97050781250009,1.3666058532297,0.92743268914875,1.0201759580636
0.97070312500009,1.3667289054244,0.92743769703355,1.0201814667369
0.97089843750009,1.3668519456019,0.92744270364444,1.0201869740089
0.97109375000009,1.3669749737645,0.92744770898184,1.02019247988
0.97128906250009,1.3670979899151,0.9274527130462,1.0201979843508
0.97148437500009,1.3672209940561,0.92745771583793,1.0202034874217
0.97167968750009,1.3673439861903,0.92746271735747,1.0202089890932
0.97187500000009,1.3674669663203,0.92746771760525,1.0202144893658
0.97207031250009,1.3675899344487,0.9274727165817,1.0202199882399
0.97226562500009,1.3677128905782,0.92747771428726,1.020225485716
0.97246093750009,1.3678358347114,0.92748271072234,1.0202309817946
0.97265625000009,1.3679587668509,0.92748770588738,1.0202364764761
0.97285156250009,1.3680816869995,0.92749269978282,1.0202419697611
0.97304687500009,1.3682045951598,0.92749769240908,1.02024746165
0.97324218750009,1.3683274913345,0.9275026837666,1.0202529521433
0.97343750000009,1.3684503755262,0.9275076738558,1.0202584412414
0.97363281250009,1.3685732477376,0.92751266267711,1.0202639289448
0.97382812500009,1.3686961079714,0.92751765023098,1.0202694152541
0.97402343750009,1.3688189562303,0.92752263651782,1.0202749001696
0.97421875000009,1.3689417925169,0.92752762153806,1.0202803836919
0.97441406250009,1.3690646168338,0.92753260529215,1.0202858658214
0.97460937500009,1.3691874291839,0.92753758778051,1.0202913465586
0.97480468750009,1.3693102295698,0.92754256900357,1.0202968259039
0.97500000000009,1.3694330179942,0.92754754896176,1.0203023038579
0.97519531250009,1.3695557944597,0.92755252765552,1.0203077804211
0.97539062500009,1.3696785589692,0.92755750508527,1.0203132555938
0.97558593750009,1.3698013115252,0.92756248125145,1.0203187293766
0.97578125000009,1.3699240521305,0.92756745615448,1.0203242017699
0.97597656250009,1.3700467807879,0.9275724297948,1.0203296727743
0.97617187500009,1.3701694974999,0.92757740217285,1.0203351423901
0.97636718750009,1.3702922022694,0.92758237328904,1.0203406106179
0.97656250000009,1.3704148950991,0.92758734314382,1.0203460774582
0.97675781250009,1.3705375759916,0.92759231173761,1.0203515429114
0.97695312500009,1.3706602449498,0.92759727907085,1.0203570069779
0.97714843750009,1.3707829019763,0.92760224514397,1.0203624696584
0.97734375000009,1.3709055470739,0.92760720995739,1.0203679309531
0.97753906250009,1.3710281802452,0.92761217351156,1.0203733908627
0.97773437500009,1.3711508014932,0.92761713580689,1.0203788493876
0.97792968750009,1.3712734108204,0.92762209684384,1.0203843065282
0.97812500000009,1.3713960082297,0.92762705662281,1.0203897622851
0.97832031250009,1.3715185937238,0.92763201514425,1.0203952166587
0.97851562500009,1.3716411673054,0.9276369724086,1.0204006696495
0.97871093750009,1.3717637289773,0.92764192841627,1.0204061212579
0.97890625000009,1.3718862787423,0.9276468831677,1.0204115714845
0.97910156250009,1.3720088166031,0.92765183666333,1.0204170203297
0.97929687500009,1.3721313425625,0.92765678890358,1.0204224677939
0.97949218750009,1.3722538566233,0.92766173988889,1.0204279138778
0.97968750000009,1.3723763587881,0.9276666896197,1.0204333585817
0.97988281250009,1.3723763588088,0.92767169963297,1.0204388695963
0.98007812500009,1.3726213273796,0.92767664679603,1.0204443114756
0.98027343750009,1.3727437938325,0.92768159270594,1.0204497519765
0.98046875000009,1.3728662484008,0.92768653736314,1.0204551910995
0.98066406250009,1.3729886910872,0.92769148076804,1.0204606288448
0.98085937500009,1.3731111218945,0.92769642292109,1.0204660652132
0.98105468750009,1.3732335408256,0.92770136382272,1.020471500205
0.98125000000009,1.3733559478832,0.92770630347336,1.0204769338207
0.98144531250009,1.3734783430701,0.92771124187344,1.0204823660608
0.98164062500009,1.3736007263891,0.92771617902339,1.0204877969257
0.98183593750009,1.3737230978431,0.92772111492365,1.020493226416
0.98203125000009,1.3738454574349,0.92772604957465,1.0204986545321
0.98222656250009,1.3739678051672,0.92773098297681,1.0205040812745
0.98242187500009,1.3740901410429,0.92773591513058,1.0205095066436
0.98261718750009,1.3742124650648,0.92774084603638,1.02051493064
0.98281250000009,1.3743347772357,0.92774577569465,1.0205203532641
0.98300781250009,1.3744570775584,0.92775070410582,1.0205257745164
0.98320312500009,1.3745793660358,0.92775563127032,1.0205311943973
0.98339843750009,1.3747016426707,0.92776055718858,1.0205366129074
0.98359375000009,1.374823907466,0.92776548186103,1.0205420300471
0.98378906250009,1.3749461604243,0.92777040528811,1.0205474458169
0.98398437500009,1.3750684015488,0.92777532747026,1.0205528602173
0.98417968750009,1.3751906308421,0.92778024840789,1.0205582732487
0.98437500000009,1.375312848307,0.92778516810145,1.0205636849116
0.98457031250009,1.3754350539465,0.92779008655137,1.0205690952065
0.98476562500009,1.3755572477634,0.92779500375807,1.0205745041339
0.98496093750009,1.3756794297606,0.927799919722,1.0205799116942
0.98515625000009,1.3758015999408,0.92780483444358,1.0205853178879
0.98535156250009,1.3759237583071,0.92780974792324,1.0205907227156
0.98554687500009,1.3760459048621,0.92781466016143,1.0205961261776
0.98574218750009,1.3761680396089,0.92781957115856,1.0206015282744
0.98593750000009,1.3762901625502,0.92782448091508,1.0206069290066
0.98613281250009,1.376412273689,0.92782938943142,1.0206123283746
0.98632812500009,1.3765343730281,0.927834296708,1.0206177263788
0.98652343750009,1.3766564605703,0.92783920274527,1.0206231230198
0.98671875000009,1.3767785363187,0.92784410754364,1.020628518298
0.98691406250009,1.3769006002759,0.92784901110357,1.0206339122139
0.98710937500009,1.3770226524451,0.92785391342547,1.020639304768
0.98730468750009,1.377144692829,0.92785881450978,1.0206446959608
0.98750000000009,1.3772667214305,0.92786371435694,1.0206500857926
0.98769531250009,1.3773887382525,0.92786861296737,1.0206554742641
0.98789062500009,1.377510743298,0.92787351034151,1.0206608613757
0.98808593750009,1.3776327365697,0.9278784064798,1.0206662471278
0.98828125000009,1.3777547180707,0.92788330138265,1.0206716315209
0.98847656250009,1.3778766878038,0.92788819505051,1.0206770145556
0.98867187500009,1.377998645772,0.92789308748382,1.0206823962322
0.98886718750009,1.3781205919781,0.92789797868299,1.0206877765513
0.98906250000009,1.378242526425,0.92790286864846,1.0206931555133
0.98925781250009,1.3783644491158,0.92790775738068,1.0206985331187
0.98945312500009,1.3784863600532,0.92791264488006,1.0207039093681
0.98964843750009,1.3786082592403,0.92791753114704,1.0207092842617
0.98984375000009,1.37873014668,0.92792241618206,1.0207146578003
0.99003906250009,1.3788520223751,0.92792729998555,1.0207200299841
0.99023437500009,1.3789738863286,0.92793218255794,1.0207254008137
0.99042968750009,1.3790957385435,0.92793706389965,1.0207307702896
0.99062500000009,1.3792175790227,0.92794194401114,1.0207361384123
0.99082031250009,1.379339407769,0.92794682289282,1.0207415051821
0.99101562500009,1.3794612247856,0.92795170054513,1.0207468705996
0.99121093750009,1.3795830300753,0.9279565769685,1.0207522346654
0.99140625000009,1.379704823641,0.92796145216338,1.0207575973797
0.99160156250009,1.3798266054858,0.92796632613017,1.0207629587432
0.99179687500009,1.3799483756125,0.92797119886933,1.0207683187563
0.99199218750009,1.3800701340241,0.92797607038129,1.0207736774194
0.99218750000009,1.3801918807236,0.92798094066647,1.0207790347331
0.99238281250009,1.380313615714,0.92798580972531,1.0207843906978
0.99257812500009,1.3804353389982,0.92799067755824,1.0207897453141
0.99277343750009,1.3805570505792,0.92799554416569,1.0207950985823
0.99296875000009,1.3806787504599,0.9280004095481,1.0208004505029
0.99316406250009,1.3808004386433,0.9280052737059,1.0208058010765
0.99335937500009,1.3809221151324,0.92801013663953,1.0208111503035
0.99355468750009,1.3810437799302,0.92801499834941,1.0208164981843
0.99375000000009,1.3811654330396,0.92801985883597,1.0208218447196
0.99394531250009,1.3812870744637,0.92802471809966,1.0208271899096
0.99414062500009,1.3814087042054,0.9280295761409,1.020832533755
0.99433593750009,1.3815303222677,0.92803443296012,1.0208378762561
0.99453125000009,1.3816519286536,0.92803928855777,1.0208432174135
0.99472656250009,1.3817735233661,0.92804414293426,1.0208485572277
0.99492187500009,1.3818951064082,0.92804899609004,1.020853895699
0.99511718750009,1.3820166777829,0.92805384802553,1.0208592328281
0.99531250000009,1.3821382374932,0.92805869874117,1.0208645686153
0.99550781250009,1.382259785542,0.9280635482374,1.0208699030611
0.99570312500009,1.3823813219325,0.92806839651464,1.0208752361661
0.99589843750009,1.3825028466676,0.92807324357332,1.0208805679307
0.99609375000009,1.3826243597503,0.92807808941388,1.0208858983553
0.99628906250009,1.3827458611836,0.92808293403676,1.0208912274404
0.99648437500009,1.3828673509706,0.92808777744238,1.0208965551866
0.99667968750009,1.3829888291143,0.92809261963118,1.0209018815943
0.99687500000009,1.3831102956176,0.92809746060358,1.0209072066639
0.99707031250009,1.3832317504837,0.92810230036003,1.020912530396
0.99726562500009,1.3833531937156,0.92810713890095,1.020917852791
0.99746093750009,1.3834746253162,0.92811197622678,1.0209231738495
0.99765625000009,1.3835960452886,0.92811681233795,1.0209284935717
0.99785156250009,1.3837174536359,0.92812164723489,1.0209338119584
0.99804687500009,1.3838388503611,0.92812648091804,1.0209391290098
0.99824218750009,1.3839602354671,0.92813131338783,1.0209444447266
0.99843750000009,1.3840816089572,0.92813614464468,1.0209497591091
0.99863281250009,1.3842029708342,0.92814097468904,1.0209550721579
0.99882812500009,1.3843243211013,0.92814580352133,1.0209603838735
0.99902343750009,1.3844456597615,0.92815063114199,1.0209656942562
0.99921875000009,1.3845669868179,0.92815545755144,1.0209710033066
0.99941406250009,1.3846883022735,0.92816028275013,1.0209763110251
0.99960937500009,1.3848096061313,0.92816510673849,1.0209816174123
0.99980468750009,1.3849308983945,0.92816992951694,1.0209869224686
1.0000000000001,1.3850521790661,0.92817475108592,1.0209922261945
1.0001953125001,1.3850521790866,0.92817953365329,1.0209974870186
1.0003906250001,1.3851733761741,0.92818431347861,1.0210027448265
1.0005859375001,1.3852944176459,0.92818909056206,1.0210079996183
1.0007812500001,1.3854153033663,0.92819386490381,1.0210132513942
1.0009765625001,1.3855360332001,0.92819863650403,1.0210185001544
1.0011718750001,1.3857770246717,0.92820344261864,1.0210237868805
1.0013671875001,1.3858972861043,0.92820824613035,1.0210290707434
1.0015625000001,1.3860173911583,0.92821304703869,1.0210343517426
1.0017578125001,1.3861373397023,0.92821784534322,1.0210396298775
1.0019531250001,1.3862571316056,0.92822264104349,1.0210449051478
1.0021484375001,1.3863767667382,0.92822743413903,1.0210501775529
1.0023437500001,1.3864962449708,0.92823222462938,1.0210554470923
1.0025390625001,1.3866155661747,0.92823701251408,1.0210607137655
1.0027343750001,1.3867347302222,0.92824179779266,1.0210659775719
1.0029296875001,1.3868537369858,0.92824658046465,1.0210712385111
1.0031250000001,1.3869725863391,0.92825136052958,1.0210764965825
1.0033203125001,1.3870912781561,0.92825613798696,1.0210817517857
1.0035156250001,1.3872098123116,0.92826091283632,1.02108700412
1.0037109375001,1.3873281886808,0.92826568507717,1.0210922535849
1.0039062500001,1.3874464071399,0.92827045470904,1.0210975001799
1.0041015625001,1.3875644675654,0.92827522173142,1.0211027439046
1.0042968750001,1.3876823698346,0.92827998614383,1.0211079847582
1.0044921875001,1.3878001138254,0.92828474794577,1.0211132227404
1.0046875000001,1.3879176994163,0.92828950713675,1.0211184578504
1.0048828125001,1.3880351264862,0.92829426371627,1.0211236900879
1.0050781250001,1.388152394915,0.92829901768382,1.0211289194522
1.0052734375001,1.388269504583,0.9283037690389,1.0211341459428
1.0054687500001,1.3883864553709,0.92830851778099,1.0211393695591
1.0056640625001,1.3885032471602,0.92831326390959,1.0211445903005
1.0058593750001,1.3886198798329,0.92831800742418,1.0211498081666
1.0060546875001,1.3887363532717,0.92832274832424,1.0211550231567
1.0062500000001,1.3888526673598,0.92832748660926,1.0211602352702
1.0064453125001,1.3889688219808,0.92833222227871,1.0211654445066
1.0066406250001,1.389084817019,0.92833695533206,1.0211706508653
1.0068359375001,1.3892006523594,0.92834168576879,1.0211758543457
1.0070312500001,1.3893163278873,0.92834641358837,1.0211810549472
1.0072265625001,1.3894318434886,0.92835113879025,1.0211862526693
1.0074218750001,1.38954719905,0.92835586137391,1.0211914475113
1.0076171875001,1.3896623944583,0.92836058133879,1.0211966394727
1.0078125000001,1.3897774296013,0.92836529868437,1.0212018285528
1.0080078125001,1.3898923043669,0.92837001341009,1.0212070147511
1.0082031250001,1.3900070186439,0.92837472551541,1.0212121980669
1.0083984375001,1.3901215723215,0.92837943499976,1.0212173784997
1.0085937500001,1.3902359652892,0.92838414186261,1.0212225560489
1.0087890625001,1.3903501974374,0.92838884610338,1.0212277307137
1.0089843750001,1.3904642686568,0.92839354772153,1.0212329024937
1.0091796875001,1.3905781788386,0.92839824671648,1.0212380713881
1.0093750000001,1.3906919278746,0.92840294308766,1.0212432373964
1.0095703125001,1.390805515657,0.92840763683452,1.021248400518
1.0097656250001,1.3909189420787,0.92841232795648,1.0212535607521
1.0099609375001,1.391032207033,0.92841701645295,1.0212587180983
1.0101562500001,1.3911453104135,0.92842170232337,1.0212638725557
1.0103515625001,1.3912582521147,0.92842638556716,1.0212690241239
1.0105468750001,1.3913710320312,0.92843106618372,1.0212741728021
1.0107421875001,1.3914836500584,0.92843574417246,1.0212793185897
1.0109375000001,1.3915961060921,0.92844041953281,1.0212844614861
1.0111328125001,1.3917084000285,0.92844509226417,1.0212896014906
1.0113281250001,1.3918205317643,0.92844976236593,1.0212947386025
1.0115234375001,1.3919325011967,0.9284544298375,1.0212998728213
1.0117187500001,1.3920443082236,0.92845909467828,1.0213050041461
1.0119140625001,1.3921559527431,0.92846375688766,1.0213101325764
1.0121093750001,1.3922674346538,0.92846841646504,1.0213152581115
1.0123046875001,1.392378753855,0.92847307340979,1.0213203807508
1.0125000000001,1.3924899102462,0.92847772772131,1.0213255004934
1.0126953125001,1.3926009037275,0.92848237939898,1.0213306173389
1.0128906250001,1.3927117341996,0.92848702844217,1.0213357312864
1.0130859375001,1.3928224015634,0.92849167485027,1.0213408423353
1.0132812500001,1.3929329057204,0.92849631862264,1.0213459504849
1.0134765625001,1.3930432465727,0.92850095975865,1.0213510557345
1.0136718750001,1.3931534240227,0.92850559825768,1.0213561580834
1.0138671875001,1.3932634379732,0.92851023411907,1.021361257531
1.0140625000001,1.3933732883275,0.92851486734221,1.0213663540764
1.0142578125001,1.3934829749896,0.92851949792643,1.0213714477191
1.0144531250001,1.3935924978637,0.9285241258711,1.0213765384582
1.0146484375001,1.3937018568545,0.92852875117557,1.0213816262931
1.0148437500001,1.3938110518671,0.92853337383918,1.0213867112231
1.0150390625001,1.3939200828073,0.92853799386128,1.0213917932474
1.0152343750001,1.394028949581,0.92854261124121,1.0213968723653
1.0154296875001,1.3941376520948,0.92854722597831,1.0214019485761
1.0156250000001,1.3942461902557,0.92855183807191,1.0214070218791
1.0158203125001,1.3943545639711,0.92855644752135,1.0214120922735
1.0160156250001,1.3944627731487,0.92856105432595,1.0214171597585
1.0162109375001,1.394570817697,0.92856565848505,1.0214222243336
1.0164062500001,1.3946786975247,0.92857025999796,1.0214272859978
1.0166015625001,1.3947864125409,0.928574858864,1.0214323447504
1.0167968750001,1.3948939626552,0.92857945508249,1.0214374005907
1.0169921875001,1.3950013477778,0.92858404865274,1.021442453518
1.0171875000001,1.395108567819,0.92858863957407,1.0214475035315
1.0173828125001,1.3952156226898,0.92859322784578,1.0214525506304
1.0175781250001,1.3953225123015,0.92859781346717,1.0214575948139
1.0177734375001,1.395429236566,0.92860239643755,1.0214626360813
1.0179687500001,1.3955357953953,0.92860697675622,1.0214676744318
1.0181640625001,1.3956421887022,0.92861155442246,1.0214727098647
1.0183593750001,1.3957484163997,0.92861612943557,1.0214777423791
1.0185546875001,1.3958544784013,0.92862070179484,1.0214827719743
1.0187500000001,1.3959603746209,0.92862527149956,1.0214877986495
1.0189453125001,1.3960661049728,0.928629838549,1.0214928224039
1.0191406250001,1.3961716693717,0.92863440294245,1.0214978432367
1.0193359375001,1.3962770677329,0.92863896467918,1.0215028611471
1.0195312500001,1.3963822999719,0.92864352375847,1.0215078761343
1.0197265625001,1.3964873660047,0.92864808017958,1.0215128881975
1.0199218750001,1.3965922657477,0.92865263394178,1.021517897336
1.0201171875001,1.3966969991178,0.92865718504435,1.0215229035488
1.0203125000001,1.3968015660322,0.92866173348653,1.0215279068352
1.0205078125001,1.3969059664086,0.92866627926759,1.0215329071943
1.0207031250001,1.3970102001649,0.92867082238678,1.0215379046255
1.0208984375001,1.3971142672198,0.92867536284335,1.0215428991277
1.0210937500001,1.3972181674921,0.92867990063656,1.0215478907002
1.0212890625001,1.3973219009011,0.92868443576564,1.0215528793422
1.0214843750001,1.3974254673664,0.92868896822985,1.0215578650528
1.0216796875001,1.3975288668083,0.92869349802842,1.0215628478313
1.0218750000001,1.3976320991471,0.92869802516058,1.0215678276766
1.0220703125001,1.3977351643039,0.92870254962558,1.0215728045881
1.0222656250001,1.3978380621999,0.92870707142265,1.0215777785649
1.0224609375001,1.3979407927568,0.928711590551,1.0215827496061
1.0226562500001,1.3980433558967,0.92871610700988,1.0215877177109
1.0228515625001,1.3981457515423,0.92872062079849,1.0215926828783
1.0230468750001,1.3982479796163,0.92872513191607,1.0215976451077
1.0232421875001,1.398350040042,0.92872964036182,1.021602604398
1.0234375000001,1.3984519327433,0.92873414613496,1.0216075607485
1.0236328125001,1.3985536576441,0.9287386492347,1.0216125141582
1.0238281250001,1.398655214669,0.92874314966025,1.0216174646263
1.0240234375001,1.3987566037428,0.92874764741082,1.0216224121519
1.0242187500001,1.3988578247908,0.9287521424856,1.0216273567342
1.0244140625001,1.3989588777388,0.9287566348838,1.0216322983722
1.0246093750001,1.3990597625126,0.92876112460461,1.0216372370651
1.0248046875001,1.3991604790388,0.92876561164722,1.0216421728119
1.0250000000001,1.3992610272442,0.92877009601084,1.0216471056119
1.0251953125001,1.399361407056,0.92877457769463,1.0216520354641
1.0253906250001,1.3994616184018,0.9287790566978,1.0216569623676
1.0255859375001,1.3995616612096,0.92878353301952,1.0216618863215
1.0257812500001,1.3996615354077,0.92878800665898,1.0216668073249
1.0259765625001,1.399761240925,0.92879247761535,1.0216717253769
1.0261718750001,1.3998607776905,0.9287969458878,1.0216766404766
1.0263671875001,1.3999601456337,0.9288014114755,1.0216815526231
1.0265625000001,1.4000593446846,0.92880587437763,1.0216864618154
1.0267578125001,1.4001583747734,0.92881033459336,1.0216913680527
1.0269531250001,1.4002572358307,0.92881479212184,1.021696271334
1.0271484375001,1.4003559277876,0.92881924696223,1.0217011716585
1.0273437500001,1.4004544505755,0.9288236991137,1.0217060690251
1.0275390625001,1.4005528041262,0.9288281485754,1.0217109634329
1.0277343750001,1.4006509883717,0.92883259534649,1.0217158548811
1.0279296875001,1.4007490032447,0.92883703942611,1.0217207433687
1.0281250000001,1.400846848678,0.9288414808134,1.0217256288947
1.0283203125001,1.4009445246049,0.92884591950753,1.0217305114583
1.0285156250001,1.4010420309591,0.92885035550763,1.0217353910584
1.0287109375001,1.4011393676744,0.92885478881283,1.0217402676941
1.0289062500001,1.4012365346854,0.92885921942228,1.0217451413645
1.0291015625001,1.4013335319268,0.92886364733511,1.0217500120686
1.0292968750001,1.4014303593336,0.92886807255046,1.0217548798055
1.0294921875001,1.4015270168415,0.92887249506745,1.0217597445742
1.0296875000001,1.401623504386,0.92887691488521,1.0217646063737
1.0298828125001,1.4017198219036,0.92888133200287,1.0217694652032
1.0300781250001,1.4018159693308,0.92888574641955,1.0217743210615
1.0302734375001,1.4019119466045,0.92889015813437,1.0217791739478
1.0304687500001,1.4020077536621,0.92889456714644,1.0217840238611
1.0306640625001,1.4021033904411,0.92889897345488,1.0217888708004
1.0308593750001,1.4021988568796,0.92890337705881,1.0217937147647
1.0310546875001,1.4022941529161,0.92890777795734,1.0217985557531
1.0312500000001,1.4023892784891,0.92891217614957,1.0218033937645
1.0314453125001,1.4024842335379,0.9289165716346,1.0218082287981
1.0316406250001,1.4025790180019,0.92892096441155,1.0218130608527
1.0318359375001,1.4026736318209,0.92892535447951,1.0218178899275
1.0320312500001,1.4027680749351,0.92892974183758,1.0218227160213
1.0322265625001,1.402862347285,0.92893412648486,1.0218275391333
1.0324218750001,1.4029564488115,0.92893850842043,1.0218323592625
1.0326171875001,1.4030503794558,0.92894288764341,1.0218371764077
1.0328125000001,1.4031441391596,0.92894726415286,1.0218419905681
1.0330078125001,1.4032377278647,0.92895163794788,1.0218468017427
1.0332031250001,1.4033311455135,0.92895600902756,1.0218516099303
1.0333984375001,1.4034243920485,0.92896037739097,1.0218564151301
1.0335937500001,1.4035174674128,0.92896474303721,1.0218612173409
1.0337890625001,1.4036103715498,0.92896910596533,1.0218660165619
1.0339843750001,1.4037031044031,0.92897346617443,1.0218708127919
1.0341796875001,1.4037956659167,0.92897782366357,1.0218756060299
1.0343750000001,1.4038880560351,0.92898217843183,1.021880396275
1.0345703125001,1.403980274703,0.92898653047828,1.0218851835261
1.0347656250001,1.4040723218655,0.92899087980198,1.0218899677822
1.0349609375001,1.4041641974679,0.928995226402,1.0218947490422
1.0351562500001,1.4042559014561,0.9289995702774,1.0218995273051
1.0353515625001,1.4043474337762,0.92900391142725,1.02190430257
1.0355468750001,1.4044387943747,0.9290082498506,1.0219090748357
1.0357421875001,1.4045299831982,0.92901258554651,1.0219138441012
1.0359375000001,1.4046210001941,0.92901691851403,1.0219186103654
1.0361328125001,1.4047118453097,0.92902124875222,1.0219233736274
1.0363281250001,1.4048025184929,0.92902557626013,1.0219281338861
1.0365234375001,1.4048930196918,0.9290299010368,1.0219328911405
1.0367187500001,1.404983348855,0.92903422308129,1.0219376453894
1.0369140625001,1.4050735059312,0.92903854239264,1.0219423966319
1.0371093750001,1.4051634908698,0.92904285896989,1.0219471448669
1.0373046875001,1.4052533036201,0.92904717281209,1.0219518900933
1.0375000000001,1.405342944132,0.92905148391827,1.0219566323101
1.0376953125001,1.4054324123557,0.92905579228746,1.0219613715162
1.0378906250001,1.4055217082418,0.92906009791871,1.0219661077106
1.0380859375001,1.4056108317411,0.92906440081105,1.0219708408922
1.0382812500001,1.4056997828047,0.92906870096351,1.0219755710599
1.0384765625001,1.4057885613843,0.92907299837512,1.0219802982126
1.0386718750001,1.4058771674316,0.92907729304491,1.0219850223494
1.0388671875001,1.4059656008989,0.9290815849719,1.0219897434691
1.0390625000001,1.4060538617386,0.92908587415511,1.0219944615706
1.0392578125001,1.4061419499037,0.92909016059358,1.0219991766529
1.0394531250001,1.4062298653472,0.92909444428632,1.0220038887149
1.0396484375001,1.4063176080227,0.92909872523234,1.0220085977556
1.0398437500001,1.4064051778841,0.92910300343068,1.0220133037737
1.0400390625001,1.4064925748855,0.92910727888033,1.0220180067684
1.0402343750001,1.4065797989814,0.92911155158032,1.0220227067384
1.0404296875001,1.4066668501266,0.92911582152966,1.0220274036826
1.0406250000001,1.4067537282762,0.92912008872736,1.0220320976001
1.0408203125001,1.4068404333858,0.92912435317242,1.0220367884897
1.0410156250001,1.4069269654112,0.92912861486386,1.0220414763502
1.0412109375001,1.4070133243083,0.92913287380067,1.0220461611807
1.0414062500001,1.4070995100338,0.92913712998186,1.0220508429801
1.0416015625001,1.4071855225444,0.92914138340644,1.0220555217471
1.0417968750001,1.4072713617971,0.92914563407341,1.0220601974807
1.0419921875001,1.4073570277494,0.92914988198175,1.0220648701799
1.0421875000001,1.407442520359,0.92915412713048,1.0220695398435
1.0423828125001,1.4075278395839,0.92915836951858,1.0220742064704
1.0425781250001,1.4076129853826,0.92916260914505,1.0220788700596
1.0427734375001,1.4076979577137,0.92916684600888,1.0220835306098
1.0429687500001,1.4077827565363,0.92917108010907,1.02208818812
1.0431640625001,1.4078673818097,0.92917531144459,1.0220928425891
1.0433593750001,1.4079518334935,0.92917954001445,1.0220974940159
1.0435546875001,1.4080361115477,0.92918376581762,1.0221021423994
1.0437500000001,1.4081202159326,0.9291879888531,1.0221067877384
1.0439453125001,1.4082041466087,0.92919220911986,1.0221114300318
1.0441406250001,1.4082879035372,0.92919642661688,1.0221160692786
1.0443359375001,1.408371486679,0.92920064134316,1.0221207054775
1.0445312500001,1.4084548959959,0.92920485329765,1.0221253386274
1.0447265625001,1.4085381314496,0.92920906247936,1.0221299687273
1.0449218750001,1.4086211930023,0.92921326888724,1.022134595776
1.0451171875001,1.4087040806166,0.92921747252028,1.0221392197723
1.0453125000001,1.4087867942552,0.92922167337745,1.0221438407152
1.0455078125001,1.4088693338812,0.92922587145772,1.0221484586035
1.0457031250001,1.4089516994581,0.92923006676006,1.0221530734361
1.0458984375001,1.4090338909496,0.92923425928344,1.0221576852118
1.0460937500001,1.4091159083197,0.92923844902684,1.0221622939295
1.0462890625001,1.4091977515329,0.9292426359892,1.0221668995881
1.0464843750001,1.4092794205537,0.92924682016952,1.0221715021865
1.0466796875001,1.4093609153472,0.92925100156673,1.0221761017234
1.0468750000001,1.4094422358786,0.92925518017982,1.0221806981978
1.0470703125001,1.4095233821135,0.92925935600774,1.0221852916085
1.0472656250001,1.4096043540178,0.92926352904945,1.0221898819544
1.0474609375001,1.4096851515578,0.92926769930392,1.0221944692343
1.0476562500001,1.4097657746999,0.92927186677009,1.0221990534471
1.0478515625001,1.409846223411,0.92927603144693,1.0222036345916
1.0480468750001,1.4099264976581,0.92928019333339,1.0222082126667
1.0482421875001,1.4100065974086,0.92928435242843,1.0222127876713
1.0484375000001,1.4100865226305,0.929288508731,1.0222173596041
1.0486328125001,1.4101662732916,0.92929266224005,1.0222219284641
1.0488281250001,1.4102458493603,0.92929681295454,1.02222649425
1.0490234375001,1.4103252508052,0.92930096087341,1.0222310569607
1.0492187500001,1.4104044775952,0.92930510599561,1.0222356165952
1.0494140625001,1.4104835296998,0.92930924832009,1.0222401731521
1.0496093750001,1.4105624070882,0.92931338784581,1.0222447266304
1.0498046875001,1.4106411097305,0.92931752457169,1.0222492770289
1.0500000000001,1.4107196375968,0.92932165849669,1.0222538243464
1.0501953125001,1.4107979906574,0.92932578961975,1.0222583685817
1.0503906250001,1.4108761688832,0.92932991793982,1.0222629097338
1.0505859375001,1.4109541722451,0.92933404345583,1.0222674478014
1.0507812500001,1.4110320007146,0.92933816616673,1.0222719827834
1.0509765625001,1.4111096542632,0.92934228607145,1.0222765146786
1.0511718750001,1.411187132863,0.92934640316894,1.0222810434858
1.0513671875001,1.411264436486,0.92935051745813,1.0222855692039
1.0515625000001,1.4113415651049,0.92935462893795,1.0222900918318
1.0517578125001,1.4114185186925,0.92935873760735,1.0222946113681
1.0519531250001,1.4114952972218,0.92936284346526,1.0222991278118
1.0521484375001,1.4115719006664,0.92936694651061,1.0223036411617
1.0523437500001,1.4116483289999,0.92937104674233,1.0223081514166
1.0525390625001,1.4117245821963,0.92937514415936,1.0223126585753
1.0527343750001,1.41180066023,0.92937923876063,1.0223171626367
1.0529296875001,1.4118765630754,0.92938333054507,1.0223216635996
1.0531250000001,1.4119522907075,0.9293874195116,1.0223261614628
1.0533203125001,1.4120278431014,0.92939150565916,1.0223306562251
1.0535156250001,1.4121032202327,0.92939558898667,1.0223351478853
1.0537109375001,1.412178422077,0.92939966949306,1.0223396364424
1.0539062500001,1.4122534486105,0.92940374717726,1.022344121895
1.0541015625001,1.4123282998094,0.92940782203819,1.022348604242
1.0542968750001,1.4124029756504,0.92941189407477,1.0223530834823
1.0544921875001,1.4124774761104,0.92941596328594,1.0223575596145
1.0546875000001,1.4125518011665,0.9294200296706,1.0223620326377
1.0548828125001,1.4126259507963,0.92942409322769,1.0223665025505
1.0550781250001,1.4126999249776,0.92942815395612,1.0223709693517
1.0552734375001,1.4127737236884,0.92943221185482,1.0223754330403
1.0554687500001,1.4128473469071,0.92943626692271,1.022379893615
1.0556640625001,1.4129207946123,0.92944031915869,1.0223843510746
1.0558593750001,1.412994066783,0.92944436856171,1.0223888054179
1.0560546875001,1.4130671633983,0.92944841513066,1.0223932566437
1.0562500000001,1.4131400844377,0.92945245886447,1.0223977047509
1.0564453125001,1.4132128298811,0.92945649976205,1.0224021497383
1.0566406250001,1.4132853997084,0.92946053782232,1.0224065916046
1.0568359375001,1.4133577939002,0.9294645730442,1.0224110303486
1.0570312500001,1.4134300124368,0.92946860542659,1.0224154659693
1.0572265625001,1.4135020552994,0.92947263496842,1.0224198984653
1.0574218750001,1.413573922469,0.92947666166859,1.0224243278355
1.0576171875001,1.4136456139273,0.92948068552602,1.0224287540786
1.0578125000001,1.4137171296558,0.92948470653963,1.0224331771936
1.0580078125001,1.4137884696367,0.92948872470831,1.0224375971791
1.0582031250001,1.4138596338523,0.92949274003098,1.0224420140341
1.0583984375001,1.4139306222852,0.92949675250656,1.0224464277572
1.0585937500001,1.4140014349183,0.92950076213395,1.0224508383473
1.0587890625001,1.4140720717347,0.92950476891206,1.0224552458033
1.0589843750001,1.4141425327179,0.9295087728398,1.0224596501238
1.0591796875001,1.4142128178515,0.92951277391607,1.0224640513077
1.0593750000001,1.4142829271197,0.92951677213979,1.0224684493538
1.0595703125001,1.4143528605067,0.92952076750987,1.0224728442609
1.0597656250001,1.414422617997,0.9295247600252,1.0224772360277
1.0599609375001,1.4144921995754,0.9295287496847,1.0224816246532
1.0601562500001,1.4145616052271,0.92953273648726,1.022486010136
1.0603515625001,1.4146308349375,0.92953672043181,1.022490392475
1.0605468750001,1.4146998886922,0.92954070151723,1.0224947716689
1.0607421875001,1.4147687664771,0.92954467974243,1.0224991477167
1.0609375000001,1.4148374682784,0.92954865510633,1.022503520617
1.0611328125001,1.4149059940827,0.92955262760781,1.0225078903686
1.0613281250001,1.4149743438767,0.92955659724579,1.0225122569704
1.0615234375001,1.4150425176474,0.92956056401917,1.0225166204211
1.0617187500001,1.4151105153821,0.92956452792684,1.0225209807195
1.0619140625001,1.4151783370684,0.92956848896771,1.0225253378645
1.0621093750001,1.4152459826942,0.92957244714069,1.0225296918548
1.0623046875001,1.4153134522475,0.92957640244467,1.0225340426891
1.0625000000001,1.4153807457169,0.92958035487855,1.0225383903664
1.0626953125001,1.4154478630908,0.92958430444124,1.0225427348854
1.0628906250001,1.4155148043583,0.92958825113163,1.0225470762448
1.0630859375001,1.4155815695086,0.92959219494863,1.0225514144435
1.0632812500001,1.4156481585311,0.92959613589112,1.0225557494802
1.0634765625001,1.4157145714156,0.92960007395802,1.0225600813538
1.0636718750001,1.4157808081521,0.92960400914822,1.022564410063
1.0638671875001,1.4158468687309,0.92960794146062,1.0225687356067
1.0640625000001,1.4159127531425,0.92961187089412,1.0225730579835
1.0642578125001,1.4159784613778,0.92961579744761,1.0225773771924
1.0644531250001,1.4160439934278,0.92961972112,1.022581693232
1.0646484375001,1.416109349284,0.92962364191018,1.0225860061012
1.0648437500001,1.4161745289378,0.92962755981704,1.0225903157987
1.0650390625001,1.4162395323812,0.92963147483949,1.0225946223234
1.0652343750001,1.4163043596064,0.92963538697642,1.0225989256741
1.0654296875001,1.4163690106058,0.92963929622672,1.0226032258494
1.0656250000001,1.4164334853721,0.9296432025893,1.0226075228482
1.0658203125001,1.4164977838981,0.92964710606305,1.0226118166694
1.0660156250001,1.4165619061772,0.92965100664687,1.0226161073116
1.0662109375001,1.4166258522027,0.92965490433965,1.0226203947736
1.0664062500001,1.4166896219685,0.92965879914029,1.0226246790543
1.0666015625001,1.4167532154686,0.92966269104768,1.0226289601524
1.0667968750001,1.4168166326972,0.92966658006071,1.0226332380668
1.0669921875001,1.4168798736488,0.92967046617829,1.0226375127961
1.0671875000001,1.4169429383182,0.92967434939931,1.0226417843392
1.0673828125001,1.4170058267005,0.92967822972267,1.0226460526949
1.0675781250001,1.4170685387911,0.92968210714725,1.022650317862
1.0677734375001,1.4171310745854,0.92968598167195,1.0226545798391
1.0679687500001,1.4171934340793,0.92968985329567,1.0226588386252
1.0681640625001,1.417255617269,0.9296937220173,1.022663094219
1.0683593750001,1.4173176241507,0.92969758783574,1.0226673466193
1.0685546875001,1.4173794547211,0.92970145074987,1.0226715958249
1.0687500000001,1.4174411089771,0.9297053107586,1.0226758418345
1.0689453125001,1.4175025869157,0.92970916786083,1.0226800846469
1.0691406250001,1.4175638885345,0.92971302205543,1.022684324261
1.0693359375001,1.417625013831,0.92971687334131,1.0226885606754
1.0695312500001,1.4176859628032,0.92972072171736,1.0226927938891
1.0697265625001,1.4177467354492,0.92972456718248,1.0226970239007
1.0699218750001,1.4178073317674,0.92972840973555,1.0227012507091
1.0701171875001,1.4178677517566,0.92973224937548,1.022705474313
1.0703125000001,1.4179279954156,0.92973608610115,1.0227096947113
1.0705078125001,1.4179880627437,0.92973991991147,1.0227139119026
1.0707031250001,1.4180479537402,0.92974375080532,1.0227181258859
1.0708984375001,1.418107668405,0.9297475787816,1.0227223366598
1.0710937500001,1.418167206738,0.92975140383921,1.0227265442231
1.0712890625001,1.4182265687392,0.92975522597703,1.0227307485747
1.0714843750001,1.4182857544094,0.92975904519396,1.0227349497134
1.0716796875001,1.4183447637491,0.9297628614889,1.0227391476378
1.0718750000001,1.4184035967593,0.92976667486074,1.0227433423468
1.0720703125001,1.4184622534413,0.92977048530838,1.0227475338392
1.0722656250001,1.4185207337965,0.9297742928307,1.0227517221138
1.0724609375001,1.4185790378266,0.92977809742661,1.0227559071693
1.0726562500001,1.4186371655337,0.92978189909499,1.0227600890045
1.0728515625001,1.41869511692,0.92978569783475,1.0227642676182
1.0730468750001,1.4187528919879,0.92978949364478,1.0227684430093
1.0732421875001,1.4188104907403,0.92979328652397,1.0227726151764
1.0734375000001,1.41886791318,0.92979707647122,1.0227767841183
1.0736328125001,1.4189251593103,0.92980086348542,1.022780949834
1.0738281250001,1.4189822291348,0.92980464756547,1.022785112322
1.0740234375001,1.4190391226571,0.92980842871026,1.0227892715813
1.0742187500001,1.4190958398812,0.9298122069187,1.0227934276106
1.0744140625001,1.4191523808113,0.92981598218967,1.0227975804086
1.0746093750001,1.419208745452,0.92981975452207,1.0228017299743
1.0748046875001,1.419264933808,0.9298235239148,1.0228058763063
1.0750000000001,1.4193209458842,0.92982729036675,1.0228100194034
1.0751953125001,1.4193767816859,0.92983105387683,1.0228141592645
1.0753906250001,1.4194324412185,0.92983481444392,1.0228182958883
1.0755859375001,1.4194879244877,0.92983857206693,1.0228224292736
1.0757812500001,1.4195432314996,0.92984232674475,1.0228265594192
1.0759765625001,1.4195983622603,0.92984607847628,1.0228306863239
1.0761718750001,1.4196533167763,0.92984982726042,1.0228348099865
1.0763671875001,1.4197080950543,0.92985357309606,1.0228389304057
1.0765625000001,1.4197626971012,0.9298573159821,1.0228430475803
1.0767578125001,1.4198171229242,0.92986105591745,1.0228471615092
1.0769531250001,1.4198713725307,0.929864792901,1.0228512721911
1.0771484375001,1.4199254459286,0.92986852693164,1.0228553796248
1.0773437500001,1.4199793431255,0.92987225800828,1.0228594838091
1.0775390625001,1.4200330641297,0.92987598612983,1.0228635847428
1.0777343750001,1.4200866089497,0.92987971129516,1.0228676824247
1.0779296875001,1.420139977594,0.9298834335032,1.0228717768535
1.0781250000001,1.4201931700716,0.92988715275283,1.0228758680281
1.0783203125001,1.4202461863916,0.92989086904296,1.0228799559473
1.0785156250001,1.4202990265633,0.92989458237249,1.0228840406097
1.0787109375001,1.4203516905965,0.92989829274032,1.0228881220144
1.0789062500001,1.4204041785008,0.92990200014535,1.0228922001599
1.0791015625001,1.4204564902866,0.92990570458649,1.0228962750451
1.0792968750001,1.4205086259639,0.92990940606263,1.0229003466689
1.0794921875001,1.4205605855435,0.92991310457268,1.0229044150299
1.0796875000001,1.4206123690362,0.92991680011554,1.0229084801271
1.0798828125001,1.420663976453,0.92992049269012,1.0229125419591
1.0800781250001,1.4207154078052,0.92992418229531,1.0229166005248
1.0802734375001,1.4207666631044,0.92992786893003,1.022920655823
1.0804687500001,1.4208177423622,0.92993155259317,1.0229247078525
1.0806640625001,1.4208686455908,0.92993523328364,1.022928756612
1.0808593750001,1.4209193728023,0.92993891100035,1.0229328021004
1.0810546875001,1.4209699240093,0.9299425857422,1.0229368443164
1.0812500000001,1.4210202992244,0.9299462575081,1.0229408832589
1.0814453125001,1.4210704984607,0.92994992629695,1.0229449189266
1.0816406250001,1.4211205217312,0.92995359210767,1.0229489513184
1.0818359375001,1.4211703690495,0.92995725493915,1.0229529804331
1.0820312500001,1.4212200404292,0.92996091479031,1.0229570062693
1.0822265625001,1.4212695358842,0.92996457166005,1.0229610288261
1.0824218750001,1.4213188554287,0.92996822554728,1.022965048102
1.0826171875001,1.4213679990769,0.92997187645091,1.022969064096
1.0828125000001,1.4214169668435,0.92997552436986,1.0229730768068
1.0830078125001,1.4214657587433,0.92997916930302,1.0229770862333
1.0832031250001,1.4215143747915,0.92998281124931,1.0229810923742
1.0833984375001,1.4215628150032,0.92998645020764,1.0229850952284
1.0835937500001,1.4216110793941,0.92999008617693,1.0229890947946
1.0837890625001,1.4216591679798,0.92999371915608,1.0229930910717
1.0839843750001,1.4217070807765,0.929997349144,1.0229970840584
1.0841796875001,1.4217548178002,0.93000097613961,1.0230010737536
1.0843750000001,1.4218023790676,0.93000460014183,1.023005060156
1.0845703125001,1.4218497645952,0.93000822114955,1.0230090432645
1.0847656250001,1.4218969744001,0.93001183916171,1.0230130230779
1.0849609375001,1.4219440084993,0.93001545417721,1.0230169995949
1.0851562500001,1.4219908669102,0.93001906619497,1.0230209728145
1.0853515625001,1.4220375496505,0.9300226752139,1.0230249427353
1.0855468750001,1.422084056738,0.93002628123292,1.0230289093562
1.0857421875001,1.4221303881907,0.93002988425095,1.023032872676
1.0859375000001,1.422176544027,0.93003348426691,1.0230368326936
1.0861328125001,1.4222225242654,0.93003708127971,1.0230407894077
1.0863281250001,1.4222683289247,0.93004067528826,1.0230447428171
1.0865234375001,1.4223139580238,0.9300442662915,1.0230486929206
1.0867187500001,1.4223594115819,0.93004785428833,1.0230526397172
1.0869140625001,1.4224046896186,0.93005143927768,1.0230565832055
1.0871093750001,1.4224497921534,0.93005502125848,1.0230605233843
1.0873046875001,1.4224947192063,0.93005860022963,1.0230644602526
1.0875000000001,1.4225394707974,0.93006217619006,1.0230683938091
1.0876953125001,1.422584046947,0.9300657491387,1.0230723240526
1.0878906250001,1.4226284476757,0.93006931907447,1.0230762509819
1.0880859375001,1.4226726730043,0.93007288599629,1.0230801745959
1.0882812500001,1.4227167229539,0.93007644990308,1.0230840948934
1.0884765625001,1.4227605975456,0.93008001079377,1.0230880118731
1.0886718750001,1.4228042968009,0.93008356866728,1.023091925534
1.0888671875001,1.4228478207416,0.93008712352255,1.0230958358748
1.0890625000001,1.4228911693896,0.93009067535849,1.0230997428943
1.0892578125001,1.422934342767,0.93009422417404,1.0231036465914
1.0894531250001,1.4229773408961,0.93009776996812,1.0231075469649
1.0896484375001,1.4230201637996,0.93010131273967,1.0231114440136
1.0898437500001,1.4230628115003,0.9301048524876,1.0231153377364
1.0900390625001,1.4231052840212,0.93010838921085,1.0231192281319
1.0902343750001,1.4231475813856,0.93011192290835,1.0231231151992
1.0904296875001,1.4231897036169,0.93011545357903,1.0231269989369
1.0906250000001,1.4232316507389,0.93011898122182,1.023130879344
1.0908203125001,1.4232734227754,0.93012250583566,1.0231347564192
1.0910156250001,1.4233150197506,0.93012602741948,1.0231386301614
1.0912109375001,1.423356441689,0.93012954597221,1.0231425005694
1.0914062500001,1.4233976886149,0.93013306149278,1.0231463676421
1.0916015625001,1.4234387605534,0.93013657398014,1.0231502313782
1.0917968750001,1.4234796575293,0.93014008343321,1.0231540917765
1.0919921875001,1.4235203795679,0.93014358985094,1.023157948836
1.0921875000001,1.4235609266947,0.93014709323225,1.0231618025555
1.0923828125001,1.4236012989354,0.9301505935761,1.0231656529337
1.0925781250001,1.4236414963158,0.93015409088141,1.0231694999695
1.0927734375001,1.4236815188621,0.93015758514713,1.0231733436618
1.0929687500001,1.4237213666006,0.93016107637219,1.0231771840094
1.0931640625001,1.4237610395579,0.93016456455554,1.0231810210111
1.0933593750001,1.4238005377606,0.93016804969612,1.0231848546657
1.0935546875001,1.4238398612359,0.93017153179287,1.0231886849722
1.0937500000001,1.4238790100108,0.93017501084473,1.0231925119292
1.0939453125001,1.4239179841129,0.93017848685065,1.0231963355357
1.0941406250001,1.4239567835697,0.93018195980957,1.0232001557905
1.0943359375001,1.4239954084092,0.93018542972044,1.0232039726925
1.0945312500001,1.4240338586592,0.9301888965822,1.0232077862404
1.0947265625001,1.4240721343482,0.9301923603938,1.0232115964332
1.0949218750001,1.4241102355046,0.93019582115418,1.0232154032696
1.0951171875001,1.4241481621572,0.9301992788623,1.0232192067485
1.0953125000001,1.4241859143348,0.93020273351711,1.0232230068688
1.0955078125001,1.4242234920666,0.93020618511754,1.0232268036293
1.0957031250001,1.4242608953819,0.93020963366256,1.0232305970288
1.0958984375001,1.4242981243103,0.93021307915112,1.0232343870662
1.0960937500001,1.4243351788815,0.93021652158216,1.0232381737404
1.0962890625001,1.4243720591256,0.93021996095464,1.0232419570501
1.0964843750001,1.4244087650728,0.93022339726752,1.0232457369943
1.0966796875001,1.4244452967534,0.93022683051974,1.0232495135717
1.0968750000001,1.4244816541981,0.93023026071027,1.0232532867813
1.0970703125001,1.4245178374377,0.93023368783805,1.0232570566219
1.0972656250001,1.4245538465032,0.93023711190206,1.0232608230923
1.0974609375001,1.4245896814259,0.93024053290123,1.0232645861914
1.0976562500001,1.4246253422373,0.93024395083454,1.023268345918
1.0978515625001,1.4246608289691,0.93024736570094,1.023272102271
1.0980468750001,1.4246961416531,0.93025077749939,1.0232758552493
1.0982421875001,1.4247312803214,0.93025418622886,1.0232796048517
1.0984375000001,1.4247662450063,0.9302575918883,1.0232833510771
1.0986328125001,1.4248010357403,0.93026099447667,1.0232870939243
1.0988281250001,1.4248356525563,0.93026439399295,1.0232908333922
1.0990234375001,1.424870095487,0.93026779043609,1.0232945694797
1.0992187500001,1.4249043645656,0.93027118380506,1.0232983021856
1.0994140625001,1.4249384598254,0.93027457409883,1.0233020315087
1.0996093750001,1.4249723813001,0.93027796131636,1.023305757448
1.0998046875001,1.4250061290234,0.93028134545662,1.0233094800023
1.1000000000001,1.4250397030293,0.93028472651859,1.0233131991704
1.1001953125001,1.4250731033518,0.93028810450122,1.0233169149513
1.1003906250001,1.4251063300254,0.93029147940349,1.0233206273438
1.1005859375001,1.4251393830847,0.93029485122437,1.0233243363468
1.1007812500001,1.4251722625644,0.93029821996284,1.0233280419591
1.1009765625001,1.4252049684996,0.93030158561786,1.0233317441796
1.1011718750001,1.4252375009255,0.93030494818841,1.0233354430072
1.1013671875001,1.4252698598774,0.93030830767346,1.0233391384408
1.1015625000001,1.425302045391,0.930311664072,1.0233428304792
1.1017578125001,1.4253340575021,0.93031501738299,1.0233465191213
1.1019531250001,1.4253658962468,0.93031836760541,1.023350204366
1.1021484375001,1.4253975616611,0.93032171473825,1.0233538862121
1.1023437500001,1.4254290537816,0.93032505878048,1.0233575646585
1.1025390625001,1.4254603726448,0.93032839973109,1.0233612397042
1.1027343750001,1.4254915182877,0.93033173758904,1.0233649113479
1.1029296875001,1.4255224907472,0.93033507235334,1.0233685795887
1.1031250000001,1.4255532900606,0.93033840402295,1.0233722444252
1.1033203125001,1.4255839162653,0.93034173259686,1.0233759058565
1.1035156250001,1.425614369399,0.93034505807406,1.0233795638815
1.1037109375001,1.4256446494994,0.93034838045354,1.0233832184989
1.1039062500001,1.4256747566047,0.93035169973427,1.0233868697077
1.1041015625001,1.4257046907531,0.93035501591525,1.0233905175068
1.1042968750001,1.4257344519829,0.93035832899547,1.023394161895
1.1044921875001,1.425764040333,0.93036163897391,1.0233978028713
1.1046875000001,1.425793455842,0.93036494584957,1.0234014404345
1.1048828125001,1.425822698549,0.93036824962144,1.0234050745836
1.1050781250001,1.4258517684934,0.9303715502885,1.0234087053174
1.1052734375001,1.4258806657144,0.93037484784976,1.0234123326347
1.1054687500001,1.4259093902518,0.93037814230421,1.0234159565346
1.1056640625001,1.4259379421455,0.93038143365084,1.0234195770159
1.1058593750001,1.4259663214353,0.93038472188865,1.0234231940775
1.1060546875001,1.4259945281616,0.93038800701664,1.0234268077183
1.1062500000001,1.4260225623647,0.9303912890338,1.0234304179372
1.1064453125001,1.4260504240854,0.93039456793914,1.0234340247331
1.1066406250001,1.4260781133644,0.93039784373165,1.0234376281048
1.1068359375001,1.4261056302428,0.93040111641033,1.0234412280514
1.1070312500001,1.4261329747618,0.93040438597419,1.0234448245716
1.1072265625001,1.4261601469627,0.93040765242224,1.0234484176645
1.1074218750001,1.4261871468873,0.93041091575346,1.0234520073288
1.1076171875001,1.4262139745772,0.93041417596688,1.0234555935636
1.1078125000001,1.4262406300745,0.93041743306149,1.0234591763676
1.1080078125001,1.4262671134214,0.93042068703631,1.0234627557399
1.1082031250001,1.4262934246603,0.93042393789034,1.0234663316794
1.1083984375001,1.4263195638338,0.93042718562259,1.0234699041848
1.1085937500001,1.4263455309846,0.93043043023207,1.0234734732553
1.1087890625001,1.4263713261557,0.93043367171779,1.0234770388896
1.1089843750001,1.4263969493903,0.93043691007877,1.0234806010866
1.1091796875001,1.4264224007317,0.93044014531401,1.0234841598454
1.1093750000001,1.4264476802235,0.93044337742254,1.0234877151648
1.1095703125001,1.4264727879095,0.93044660640336,1.0234912670437
1.1097656250001,1.4264977238335,0.9304498322555,1.023494815481
1.1099609375001,1.4265224880397,0.93045305497797,1.0234983604758
1.1101562500001,1.4265470805724,0.93045627456978,1.0235019020268
1.1103515625001,1.4265715014761,0.93045949102997,1.023505440133
1.1105468750001,1.4265957507956,0.93046270435754,1.0235089747933
1.1107421875001,1.4266198285756,0.93046591455153,1.0235125060067
1.1109375000001,1.4266437348614,0.93046912161095,1.023516033772
1.1111328125001,1.4266674696981,0.93047232553482,1.0235195580883
1.1113281250001,1.4266910331313,0.93047552632218,1.0235230789544
1.1115234375001,1.4267144252066,0.93047872397205,1.0235265963692
1.1117187500001,1.4267376459698,0.93048191848344,1.0235301103318
1.1119140625001,1.426760695467,0.93048510985541,1.0235336208409
1.1121093750001,1.4267835737444,0.93048829808696,1.0235371278957
1.1123046875001,1.4268062808484,0.93049148317713,1.0235406314948
1.1125000000001,1.4268288168256,0.93049466512496,1.0235441316375
1.1126953125001,1.4268511817227,0.93049784392947,1.0235476283224
1.1128906250001,1.4268733755868,0.93050101958969,1.0235511215487
1.1130859375001,1.4268953984651,0.93050419210467,1.0235546113151
1.1132812500001,1.4269172504048,0.93050736147344,1.0235580976208
1.1134765625001,1.4269389314536,0.93051052769503,1.0235615804645
1.1136718750001,1.426960441659,0.93051369076848,1.0235650598453
1.1138671875001,1.4269817810692,0.93051685069283,1.0235685357621
1.1140625000001,1.4270029497321,0.93052000746712,1.0235720082138
1.1142578125001,1.427023947696,0.9305231610904,1.0235754771994
1.1144531250001,1.4270447750094,0.93052631156169,1.0235789427179
1.1146484375001,1.427065431721,0.93052945888005,1.0235824047681
1.1148437500001,1.4270859178795,0.93053260304452,1.023585863349
1.1150390625001,1.4271062335341,0.93053574405414,1.0235893184596
1.1152343750001,1.4271263787338,0.93053888190797,1.0235927700988
1.1154296875001,1.4271463535282,0.93054201660504,1.0235962182655
1.1156250000001,1.4271661579668,0.93054514814441,1.0235996629589
1.1158203125001,1.4271857920993,0.93054827652513,1.0236031041776
1.1160156250001,1.4272052559757,0.93055140174625,1.0236065419209
1.1162109375001,1.4272245496461,0.93055452380681,1.0236099761875
1.1164062500001,1.4272436731608,0.93055764270588,1.0236134069765
1.1166015625001,1.4272626265703,0.93056075844251,1.0236168342868
1.1167968750001,1.4272814099253,0.93056387101575,1.0236202581173
1.1169921875001,1.4273000232767,0.93056698042465,1.0236236784671
1.1171875000001,1.4273184666755,0.93057008666828,1.0236270953351
1.1173828125001,1.4273367401728,0.9305731897457,1.0236305087203
1.1175781250001,1.4273548438201,0.93057628965596,1.0236339186216
1.1177734375001,1.4273727776691,0.93057938639813,1.0236373250379
1.1179687500001,1.4273905417713,0.93058247997126,1.0236407279684
1.1181640625001,1.4274081361789,0.93058557037443,1.0236441274119
1.1183593750001,1.4274255609438,0.93058865760669,1.0236475233674
1.1185546875001,1.4274428161185,0.93059174166711,1.0236509158338
1.1187500000001,1.4274599017553,0.93059482255476,1.0236543048102
1.1189453125001,1.427476817907,0.93059790026871,1.0236576902956
1.1191406250001,1.4274935646264,0.93060097480802,1.0236610722888
1.1193359375001,1.4275101419665,0.93060404617176,1.0236644507889
1.1195312500001,1.4275265499805,0.93060711435901,1.0236678257949
1.1197265625001,1.4275427887218,0.93061017936884,1.0236711973057
1.1199218750001,1.4275588582439,0.93061324120032,1.0236745653204
1.1201171875001,1.4275747586006,0.93061629985253,1.0236779298378
1.1203125000001,1.4275904898457,0.93061935532454,1.023681290857
1.1205078125001,1.4276060520334,0.93062240761543,1.023684648377
1.1207031250001,1.4276214452179,0.93062545672428,1.0236880023967
1.1208984375001,1.4276366694536,0.93062850265016,1.0236913529152
1.1210937500001,1.4276517247952,0.93063154539217,1.0236946999314
1.1212890625001,1.4276666112975,0.93063458494937,1.0236980434443
1.1214843750001,1.4276813290154,0.93063762132086,1.0237013834529
1.1216796875001,1.4276958780041,0.93064065450571,1.0237047199563
1.1218750000001,1.4277102583188,0.93064368450302,1.0237080529533
1.1220703125001,1.4277244700152,0.93064671131187,1.0237113824431
1.1222656250001,1.4277385131487,0.93064973493134,1.0237147084245
1.1224609375001,1.4277523877754,0.93065275536053,1.0237180308966
1.1226562500001,1.4277660939511,0.93065577259853,1.0237213498584
1.1228515625001,1.4277796317321,0.93065878664443,1.0237246653089
1.1230468750001,1.4277930011748,0.93066179749731,1.023727977247
1.1232421875001,1.4278062023356,0.93066480515628,1.0237312856719
1.1234375000001,1.4278192352713,0.93066780962043,1.0237345905825
1.1236328125001,1.4278321000388,0.93067081088885,1.0237378919777
1.1238281250001,1.4278447966951,0.93067380896065,1.0237411898567
1.1240234375001,1.4278573252975,0.93067680383491,1.0237444842184
1.1242187500001,1.4278696859033,0.93067979551075,1.0237477750618
1.1244140625001,1.42788187857,0.93068278398726,1.023751062386
1.1246093750001,1.4278939033556,0.93068576926354,1.0237543461899
1.1248046875001,1.4279057603178,0.9306887513387,1.0237576264726
1.1250000000001,1.4279174495148,0.93069173021184,1.023760903233
1.1251953125001,1.4279289710047,0.93069470588207,1.0237641764703
1.1253906250001,1.4279403248461,0.93069767834849,1.0237674461833
1.1255859375001,1.4279515110975,0.93070064761022,1.0237707123712
1.1257812500001,1.4279625298176,0.93070361366636,1.023773975033
1.1259765625001,1.4279733810655,0.93070657651603,1.0237772341676
1.1261718750001,1.4279840649001,0.93070953615832,1.0237804897742
1.1263671875001,1.4279945813809,0.93071249259237,1.0237837418516
1.1265625000001,1.4280049305671,0.93071544581728,1.023786990399
1.1267578125001,1.4280151125185,0.93071839583217,1.0237902354154
1.1269531250001,1.4280251272948,0.93072134263616,1.0237934768998
1.1271484375001,1.4280349749559,0.93072428622835,1.0237967148512
1.1273437500001,1.4280446555619,0.93072722660789,1.0237999492687
1.1275390625001,1.4280541691732,0.93073016377387,1.0238031801513
1.1277343750001,1.4280635158502,0.93073309772543,1.023806407498
1.1279296875001,1.4280726956535,0.93073602846169,1.0238096313079
1.1281250000001,1.4280817086438,0.93073895598177,1.0238128515799
1.1283203125001,1.4280905548821,0.9307418802848,1.0238160683133
1.1285156250001,1.4280992344295,0.93074480136991,1.0238192815069
1.1287109375001,1.4281077473473,0.93074771923622,1.0238224911598
1.1289062500001,1.428116093697,0.93075063388286,1.0238256972711
1.1291015625001,1.4281242735401,0.93075354530897,1.0238288998399
1.1292968750001,1.4281322869384,0.93075645351367,1.023832098865
1.1294921875001,1.4281401339539,0.9307593584961,1.0238352943457
1.1296875000001,1.4281478146486,0.93076226025539,1.0238384862809
1.1298828125001,1.4281553290848,0.93076515879068,1.0238416746697
1.1300781250001,1.428162677325,0.93076805410111,1.0238448595112
1.1302734375001,1.4281698594317,0.93077094618581,1.0238480408044
1.1304687500001,1.4281768754677,0.93077383504392,1.0238512185483
1.1306640625001,1.4281837254959,0.93077672067459,1.023854392742
1.1308593750001,1.4281904095794,0.93077960307695,1.0238575633846
1.1310546875001,1.4281969277814,0.93078248225016,1.0238607304752
1.1312500000001,1.4282032801654,0.93078535819334,1.0238638940127
1.1314453125001,1.4282094667948,0.93078823090566,1.0238670539962
1.1316406250001,1.4282154877335,0.93079110038625,1.0238702104249
1.1318359375001,1.4282213430453,0.93079396663426,1.0238733632977
1.1320312500001,1.4282270327944,0.93079682964885,1.0238765126137
1.1322265625001,1.4282325570447,0.93079968942917,1.0238796583721
1.1324218750001,1.4282379158609,0.93080254597436,1.0238828005718
1.1326171875001,1.4282431093074,0.93080539928359,1.0238859392119
1.1328125000001,1.4282481374488,0.930808249356,1.0238890742916
1.1330078125001,1.4282530003501,0.93081109619075,1.0238922058098
1.1332031250001,1.4282576980762,0.930813939787,1.0238953337657
1.1333984375001,1.4282622306924,0.93081678014391,1.0238984581583
1.1335937500001,1.4282665982639,0.93081961726064,1.0239015789867
1.1337890625001,1.4282708008563,0.93082245113635,1.02390469625
1.1339843750001,1.4282748385352,0.9308252817702,1.0239078099472
1.1341796875001,1.4282787113664,0.93082810916135,1.0239109200775
1.1343750000001,1.4282824194159,0.93083093330897,1.0239140266399
1.1345703125001,1.4282859627498,0.93083375421223,1.0239171296335
1.1347656250001,1.4282893414343,0.9308365718703,1.0239202290573
1.1349609375001,1.428292555536,0.93083938628234,1.0239233249106
1.1351562500001,1.4282956051213,0.93084219744752,1.0239264171923
1.1353515625001,1.4282984902572,0.93084500536502,1.0239295059015
1.1355468750001,1.4283012110104,0.93084781003401,1.0239325910374
1.1357421875001,1.4283037674481,0.93085061145366,1.023935672599
1.1359375000001,1.4283061596374,0.93085340962315,1.0239387505855
1.1361328125001,1.4283083876457,0.93085620454166,1.0239418249958
1.1363281250001,1.4283104515406,0.93085899620835,1.0239448958292
1.1365234375001,1.4283123513897,0.93086178462243,1.0239479630847
1.1367187500001,1.4283140872609,0.93086456978305,1.0239510267614
1.1369140625001,1.4283156592222,0.93086735168941,1.0239540868584
1.1371093750001,1.4283170673417,0.93087013034069,1.0239571433748
1.1373046875001,1.4283183116877,0.93087290573608,1.0239601963097
1.1375000000001,1.4283193923287,0.93087567787475,1.0239632456622
1.1376953125001,1.4283203093334,0.93087844675591,1.0239662914315
1.1378906250001,1.4283210627704,0.93088121237873,1.0239693336166
1.1380859375001,1.4283216527086,0.9308839747424,1.0239723722166
1.1382812500001,1.4283220792173,0.93088673384613,1.0239754072307
1.1384765625001,1.4283223423655,0.93088948968909,1.023978438658
1.1386718750001,1.4283224422226,0.93089224227049,1.0239814664975
1.1388671875001,1.4283223788582,0.93089499158952,1.0239844907485
1.1390625000001,1.428322152342,0.93089773764538,1.0239875114099
1.1392578125001,1.4283217627438,0.93090048043726,1.023990528481
1.1394531250001,1.4283212101335,0.93090321996436,1.0239935419608
1.1396484375001,1.4283204945813,0.93090595622589,1.0239965518485
1.1398437500001,1.4283196161575,0.93090868922105,1.0239995581432
1.1400390625001,1.4283185749324,0.93091141894904,1.0240025608439
1.1402343750001,1.4283173709768,0.93091414540906,1.02400555995
1.1404296875001,1.4283160043613,0.93091686860033,1.0240085554604
1.1406250000001,1.4283144751568,0.93091958852204,1.0240115473742
1.1408203125001,1.4283127834344,0.93092230517341,1.0240145356908
1.1410156250001,1.4283109292651,0.93092501855365,1.024017520409
1.1412109375001,1.4283089127205,0.93092772866197,1.0240205015282
1.1414062500001,1.4283067338718,0.93093043549758,1.0240234790473
1.1416015625001,1.4283043927908,0.9309331390597,1.0240264529657
1.1417968750001,1.4283018895492,0.93093583934753,1.0240294232823
1.1419921875001,1.4282992242189,0.93093853636031,1.0240323899963
1.1421875000001,1.4282963968721,0.93094123009724,1.024035353107
1.1423828125001,1.4282934075809,0.93094392055755,1.0240383126133
1.1425781250001,1.4282902564177,0.93094660774046,1.0240412685145
1.1427734375001,1.428286943455,0.93094929164519,1.0240442208097
1.1429687500001,1.4282834687654,0.93095197227096,1.0240471694981
1.1431640625001,1.4282798324219,0.93095464961699,1.0240501145787
1.1433593750001,1.4282760344972,0.93095732368252,1.0240530560508
1.1435546875001,1.4282720750646,0.93095999446678,1.0240559939135
1.1437500000001,1.4282679541972,0.93096266196898,1.0240589281659
1.1439453125001,1.4282636719685,0.93096532618837,1.0240618588072
1.1441406250001,1.4282592284519,0.93096798712417,1.0240647858366
1.1443359375001,1.4282546237212,0.93097064477562,1.0240677092532
1.1445312500001,1.4282498578501,0.93097329914195,1.0240706290561
1.1447265625001,1.4282449309126,0.9309759502224,1.0240735452446
1.1449218750001,1.4282398429829,0.9309785980162,1.0240764578178
1.1451171875001,1.4282345941352,0.93098124252259,1.0240793667748
1.1453125000001,1.4282291844438,0.93098388374082,1.0240822721149
1.1455078125001,1.4282236139834,0.93098652167012,1.0240851738371
1.1457031250001,1.4282178828286,0.93098915630974,1.0240880719407
1.1458984375001,1.4282119910541,0.93099178765892,1.0240909664248
1.1460937500001,1.4282059387351,0.93099441571691,1.0240938572886
1.1462890625001,1.4281997259466,0.93099704048295,1.0240967445312
1.1464843750001,1.4281933527638,0.93099966195629,1.0240996281519
1.1466796875001,1.4281868192621,0.93100228013619,1.0241025081498
1.1468750000001,1.4281801255172,0.93100489502189,1.0241053845241
1.1470703125001,1.4281732716045,0.93100750661264,1.0241082572739
1.1472656250001,1.4281662576,0.9310101149077,1.0241111263985
1.1474609375001,1.4281590835797,0.93101271990633,1.024113991897
1.1476562500001,1.4281517496195,0.93101532160778,1.0241168537686
1.1478515625001,1.4281442557958,0.93101792001131,1.0241197120124
1.1480468750001,1.4281366021849,0.93102051511617,1.0241225666278
1.1482421875001,1.4281287888633,0.93102310692164,1.0241254176138
1.1484375000001,1.4281208159077,0.93102569542696,1.0241282649697
1.1486328125001,1.4281126833949,0.93102828063141,1.0241311086946
1.1488281250001,1.4281043914018,0.93103086253425,1.0241339487877
1.1490234375001,1.4280959400055,0.93103344113475,1.0241367852482
1.1492187500001,1.4280873292832,0.93103601643217,1.0241396180754
1.1494140625001,1.4280785593122,0.93103858842578,1.0241424472684
1.1496093750001,1.42806963017,0.93104115711486,1.0241452728263
1.1498046875001,1.4280605419343,0.93104372249867,1.0241480947485
1.1500000000001,1.4280512946827,0.93104628457648,1.0241509130341
1.1501953125001,1.4280418884933,0.93104884334759,1.0241537276823
1.1503906250001,1.428032323444,0.93105139881125,1.0241565386924
1.1505859375001,1.428022599613,0.93105395096674,1.0241593460634
1.1507812500001,1.4280127170787,0.93105649981335,1.0241621497947
1.1509765625001,1.4280026759193,0.93105904535036,1.0241649498854
1.1511718750001,1.4279924762135,0.93106158757705,1.0241677463348
1.1513671875001,1.4279821180402,0.93106412649269,1.024170539142
1.1515625000001,1.4279716014779,0.93106666209658,1.0241733283062
1.1517578125001,1.4279609266059,0.93106919438801,1.0241761138268
1.1519531250001,1.4279500935031,0.93107172336624,1.0241788957029
1.1521484375001,1.4279391022489,0.93107424903059,1.0241816739337
1.1523437500001,1.4279279529225,0.93107677138033,1.0241844485184
1.1525390625001,1.4279166456037,0.93107929041477,1.0241872194562
1.1527343750001,1.4279051803719,0.93108180613318,1.0241899867465
1.1529296875001,1.427893557307,0.93108431853487,1.0241927503884
1.1531250000001,1.4278817764889,0.93108682761913,1.024195510381
1.1533203125001,1.4278698379976,0.93108933338526,1.0241982667238
1.1535156250001,1.4278577419134,0.93109183583256,1.0242010194158
1.1537109375001,1.4278454883165,0.93109433496032,1.0242037684564
1.1539062500001,1.4278330772875,0.93109683076785,1.0242065138446
1.1541015625001,1.4278205089068,0.93109932325446,1.0242092555799
1.1542968750001,1.4278077832552,0.93110181241944,1.0242119936614
1.1544921875001,1.4277949004137,0.9311042982621,1.0242147280883
1.1546875000001,1.427781860463,0.93110678078175,1.0242174588599
1.1548828125001,1.4277686634843,0.9311092599777,1.0242201859755
1.1550781250001,1.4277553095589,0.93111173584926,1.0242229094342
1.1552734375001,1.4277417987682,0.93111420839573,1.0242256292353
1.1554687500001,1.4277281311936,0.93111667761644,1.0242283453781
1.1556640625001,1.4277143069167,0.93111914351069,1.0242310578618
1.1558593750001,1.4277003260194,0.9311216060778,1.0242337666856
1.1560546875001,1.4276861885835,0.93112406531709,1.0242364718488
1.1562500000001,1.427671894691,0.93112652122788,1.0242391733507
1.1564453125001,1.4276574444241,0.93112897380948,1.0242418711904
1.1566406250001,1.427642837865,0.93113142306123,1.0242445653674
1.1568359375001,1.4276280750962,0.93113386898243,1.0242472558807
1.1570312500001,1.4276131562002,0.93113631157242,1.0242499427297
1.1572265625001,1.4275980812595,0.93113875083052,1.0242526259136
1.1574218750001,1.4275828503572,0.93114118675606,1.0242553054317
1.1576171875001,1.4275674635759,0.93114361934836,1.0242579812832
1.1578125000001,1.4275519209988,0.93114604860676,1.0242606534674
1.1580078125001,1.4275362227091,0.93114847453059,1.0242633219837
1.1582031250001,1.42752036879,0.93115089711918,1.0242659868311
1.1583984375001,1.427504359325,0.93115331637187,1.0242686480091
1.1585937500001,1.4274881943976,0.93115573228798,1.0242713055168
1.1587890625001,1.4274718740914,0.93115814486686,1.0242739593535
1.1589843750001,1.4274553984903,0.93116055410785,1.0242766095186
1.1591796875001,1.4274387676783,0.93116296001029,1.0242792560113
1.1593750000001,1.4274219817392,0.93116536257351,1.0242818988309
1.1595703125001,1.4274050407574,0.93116776179687,1.0242845379766
1.1597656250001,1.4273879448171,0.93117015767969,1.0242871734477
1.1599609375001,1.4273706940028,0.93117255022134,1.0242898052435
1.1601562500001,1.4273532883989,0.93117493942116,1.0242924333633
1.1603515625001,1.4273357280902,0.9311773252785,1.0242950578063
1.1605468750001,1.4273180131615,0.9311797077927,1.024297678572
1.1607421875001,1.4273001436976,0.93118208696312,1.0243002956594
1.1609375000001,1.4272821197836,0.93118446278911,1.024302909068
1.1611328125001,1.4272639415047,0.93118683527003,1.024305518797
1.1613281250001,1.4272456089461,0.93118920440523,1.0243081248458
1.1615234375001,1.4272271221933,0.93119157019407,1.0243107272135
1.1617187500001,1.4272084813318,0.93119393263591,1.0243133258995
1.1619140625001,1.4271896864473,0.9311962917301,1.0243159209031
1.1621093750001,1.4271707376255,0.93119864747602,1.0243185122236
1.1623046875001,1.4271516349522,0.93120099987302,1.0243210998603
1.1625000000001,1.4271323785137,0.93120334892046,1.0243236838125
1.1626953125001,1.4271129683958,0.93120569461772,1.0243262640795
1.1628906250001,1.4270934046851,0.93120803696417,1.0243288406606
1.1630859375001,1.4270736874677,0.93121037595916,1.0243314135551
1.1632812500001,1.4270538168302,0.93121271160207,1.0243339827623
1.1634765625001,1.4270337928592,0.93121504389228,1.0243365482815
1.1636718750001,1.4270136156415,0.93121737282915,1.0243391101121
1.1638671875001,1.426993285264,0.93121969841207,1.0243416682533
1.1640625000001,1.4269728018135,0.9312220206404,1.0243442227044
1.1642578125001,1.4269521653772,0.93122433951352,1.0243467734649
1.1644531250001,1.4269313760423,0.93122665503083,1.0243493205339
1.1646484375001,1.4269104338961,0.93122896719168,1.0243518639108
1.1648437500001,1.4268893390262,0.93123127599548,1.024354403595
1.1650390625001,1.42686809152,0.93123358144159,1.0243569395857
1.1652343750001,1.4268466914652,0.93123588352941,1.0243594718823
1.1654296875001,1.4268251389497,0.93123818225832,1.0243620004842
1.1656250000001,1.4268034340613,0.93124047762771,1.0243645253905
1.1658203125001,1.4267815768881,0.93124276963698,1.0243670466007
1.1660156250001,1.4267595675183,0.9312450582855,1.024369564114
1.1662109375001,1.4267374060401,0.93124734357267,1.0243720779299
1.1664062500001,1.426715092542,0.9312496254979,1.0243745880477
1.1666015625001,1.4266926271123,0.93125190406056,1.0243770944666
1.1667968750001,1.4266700098398,0.93125417926007,1.0243795971861
1.1669921875001,1.4266472408132,0.93125645109581,1.0243820962054
1.1671875000001,1.4266243201212,0.93125871956719,1.0243845915239
1.1673828125001,1.426601247853,0.9312609846736,1.024387083141
1.1675781250001,1.4265780240975,0.93126324641446,1.0243895710559
1.1677734375001,1.426554648944,0.93126550478916,1.0243920552681
1.1679687500001,1.4265311224817,0.93126775979712,1.0243945357768
1.1681640625001,1.4265074448002,0.93127001143773,1.0243970125815
1.1683593750001,1.4264836159888,0.93127225971041,1.0243994856814
1.1685546875001,1.4264596361373,0.93127450461456,1.024401955076
1.1687500000001,1.4264355053355,0.9312767461496,1.0244044207646
1.1689453125001,1.4264112236731,0.93127898431495,1.0244068827464
1.1691406250001,1.4263867912402,0.93128121911001,1.024409341021
1.1693359375001,1.426362208127,0.9312834505342,1.0244117955876
1.1695312500001,1.4263374744235,0.93128567858694,1.0244142464456
1.1697265625001,1.4263125902202,0.93128790326764,1.0244166935944
1.1699218750001,1.4262875556074,0.93129012457574,1.0244191370333
1.1701171875001,1.4262623706757,0.93129234251064,1.0244215767617
1.1703125000001,1.4262370355159,0.93129455707178,1.024424012779
1.1705078125001,1.4262115502185,0.93129676825858,1.0244264450844
1.1707031250001,1.4261859148746,0.93129897607046,1.0244288736775
1.1708984375001,1.4261601295751,0.93130118050686,1.0244312985575
1.1710937500001,1.4261341944111,0.93130338156719,1.0244337197239
1.1712890625001,1.4261081094739,0.9313055792509,1.024436137176
1.1714843750001,1.4260818748547,0.93130777355742,1.0244385509132
1.1716796875001,1.4260554906449,0.93130996448617,1.0244409609348
1.1718750000001,1.4260289569362,0.9313121520366,1.0244433672403
1.1720703125001,1.4260022738202,0.93131433620814,1.0244457698289
1.1722656250001,1.4259754413886,0.93131651700022,1.0244481687002
1.1724609375001,1.4259484597333,0.9313186944123,1.0244505638535
1.1726562500001,1.4259213289463,0.9313208684438,1.0244529552882
1.1728515625001,1.4258940491196,0.93132303909418,1.0244553430036
1.1730468750001,1.4258666203455,0.93132520636287,1.0244577269992
1.1732421875001,1.4258390427162,0.93132737024933,1.0244601072743
1.1734375000001,1.4258113163241,0.931329530753,1.0244624838283
1.1736328125001,1.4257834412619,0.93133168787332,1.0244648566607
1.1738281250001,1.425755417622,0.93133384160975,1.0244672257707
1.1740234375001,1.4257272454972,0.93133599196174,1.0244695911579
1.1742187500001,1.4256989249804,0.93133813892875,1.0244719528216
1.1744140625001,1.4256704561645,0.93134028251022,1.0244743107612
1.1746093750001,1.4256418391425,0.93134242270562,1.0244766649762
1.1748046875001,1.4256130740076,0.9313445595144,1.0244790154658
1.1750000000001,1.425584160853,0.93134669293602,1.0244813622296
1.1751953125001,1.4255550997722,0.93134882296994,1.0244837052669
1.1753906250001,1.4255258908584,0.93135094961562,1.0244860445772
1.1755859375001,1.4254965342055,0.93135307287253,1.0244883801598
1.1757812500001,1.4254670299069,0.93135519274014,1.0244907120141
1.1759765625001,1.4254373780566,0.9313573092179,1.0244930401397
1.1761718750001,1.4254075787483,0.93135942230529,1.0244953645358
1.1763671875001,1.4253776320761,0.93136153200177,1.0244976852019
1.1765625000001,1.4253475381341,0.93136363830682,1.0245000021375
1.1767578125001,1.4253172970164,0.93136574121991,1.0245023153419
1.1769531250001,1.4252869088174,0.93136784074052,1.0245046248146
1.1771484375001,1.4252563736314,0.93136993686812,1.0245069305549
1.1773437500001,1.425225691553,0.93137202960218,1.0245092325624
1.1775390625001,1.4251948626768,0.93137411894219,1.0245115308364
1.1777343750001,1.4251638870974,0.93137620488763,1.0245138253764
1.1779296875001,1.4251327649097,0.93137828743797,1.0245161161818
1.1781250000001,1.4251014962086,0.9313803665927,1.024518403252
1.1783203125001,1.4250700810892,0.93138244235131,1.0245206865864
1.1785156250001,1.4250385196464,0.93138451471328,1.0245229661846
1.1787109375001,1.4250068119756,0.9313865836781,1.0245252420459
1.1789062500001,1.424974958172,0.93138864924526,1.0245275141698
1.1791015625001,1.4249429583311,0.93139071141425,1.0245297825557
1.1792968750001,1.4249108125483,0.93139277018456,1.024532047203
1.1794921875001,1.4248785209194,0.93139482555568,1.0245343081112
1.1796875000001,1.42484608354,0.93139687752711,1.0245365652798
1.1798828125001,1.4248135005059,0.93139892609835,1.0245388187082
1.1800781250001,1.424780771913,0.9314009712689,1.0245410683958
1.1802734375001,1.4247478978574,0.93140301303825,1.0245433143421
1.1804687500001,1.4247148784352,0.9314050514059,1.0245455565465
1.1806640625001,1.4246817137425,0.93140708637137,1.0245477950085
1.1808593750001,1.4246484038757,0.93140911793415,1.0245500297276
1.1810546875001,1.4246149489312,0.93141114609375,1.0245522607031
1.1812500000001,1.4245813490055,0.93141317084967,1.0245544879346
1.1814453125001,1.4245476041953,0.93141519220143,1.0245567114216
1.1816406250001,1.4245137145971,0.93141721014853,1.0245589311634
1.1818359375001,1.4244796803078,0.9314192246905,1.0245611471595
1.1820312500001,1.4244455014243,0.93142123582683,1.0245633594095
1.1822265625001,1.4244111780435,0.93142324355705,1.0245655679128
1.1824218750001,1.4243767102626,0.93142524788067,1.0245677726687
1.1826171875001,1.4243420981788,0.93142724879721,1.0245699736769
1.1828125000001,1.4243073418893,0.93142924630619,1.0245721709368
1.1830078125001,1.4242724414915,0.93143124040713,1.0245743644478
1.1832031250001,1.4242373970828,0.93143323109956,1.0245765542095
1.1833984375001,1.4242022087609,0.93143521838299,1.0245787402213
1.1835937500001,1.4241668766233,0.93143720225695,1.0245809224826
1.1837890625001,1.424131400768,0.93143918272098,1.0245831009931
1.1839843750001,1.4240957812926,0.93144115977459,1.024585275752
1.1841796875001,1.4240600182951,0.93144313341732,1.0245874467591
1.1843750000001,1.4240241118736,0.9314451036487,1.0245896140136
1.1845703125001,1.4239880621262,0.93144707046827,1.0245917775151
1.1847656250001,1.4239518691511,0.93144903387555,1.0245939372631
1.1849609375001,1.4239155330466,0.93145099387009,1.0245960932571
1.1851562500001,1.4238790539112,0.93145295045141,1.0245982454966
1.1853515625001,1.4238424318434,0.93145490361907,1.024600393981
1.1855468750001,1.4238056669417,0.9314568533726,1.0246025387099
1.1857421875001,1.4237687593048,0.93145879971155,1.0246046796827
1.1859375000001,1.4237317090316,0.93146074263545,1.024606816899
1.1861328125001,1.4236945162208,0.93146268214386,1.0246089503582
1.1863281250001,1.4236571809715,0.93146461823632,1.02461108006
1.1865234375001,1.4236197033827,0.93146655091238,1.0246132060036
1.1867187500001,1.4235820835536,0.93146848017158,1.0246153281887
1.1869140625001,1.4235443215833,0.93147040601349,1.0246174466148
1.1871093750001,1.4235064175712,0.93147232843764,1.0246195612814
1.1873046875001,1.4234683716168,0.93147424744361,1.024621672188
1.1875000000001,1.4234301838195,0.93147616303094,1.024623779334
1.1876953125001,1.423391854279,0.93147807519919,1.0246258827191
1.1878906250001,1.4233533830949,0.93147998394793,1.0246279823427
1.1880859375001,1.423314770367,0.9314818892767,1.0246300782044
1.1882812500001,1.4232760161951,0.93148379118508,1.0246321703036
1.1884765625001,1.4232371206793,0.93148568967262,1.0246342586399
1.1886718750001,1.4231980839196,0.9314875847389,1.0246363432128
1.1888671875001,1.423158906016,0.93148947638348,1.0246384240218
1.1890625000001,1.4231195870689,0.93149136460592,1.0246405010665
1.1892578125001,1.4230801271785,0.9314932494058,1.0246425743464
1.1894531250001,1.4230405264453,0.93149513078269,1.024644643861
1.1896484375001,1.4230007849697,0.93149700873617,1.0246467096098
1.1898437500001,1.4229609028522,0.9314988832658,1.0246487715924
1.1900390625001,1.4229208801937,0.93150075437116,1.0246508298083
1.1902343750001,1.4228807170947,0.93150262205183,1.024652884257
1.1904296875001,1.4228404136561,0.93150448630739,1.0246549349381
1.1906250000001,1.4227999699789,0.93150634713742,1.0246569818512
1.1908203125001,1.422759386164,0.93150820454151,1.0246590249957
1.1910156250001,1.4227186623126,0.93151005851923,1.0246610643712
1.1912109375001,1.4226777985258,0.93151190907017,1.0246630999772
1.1914062500001,1.4226367949049,0.93151375619392,1.0246651318133
1.1916015625001,1.4225956515513,0.93151559989006,1.0246671598791
1.1917968750001,1.4225543685663,0.93151744015819,1.024669184174
1.1919921875001,1.4225129460515,0.9315192769979,1.0246712046977
1.1921875000001,1.4224713841085,0.93152111040878,1.0246732214497
1.1923828125001,1.4224296828389,0.93152294039042,1.0246752344295
1.1925781250001,1.4223878423447,0.93152476694243,1.0246772436367
1.1927734375001,1.4223458627275,0.93152659006439,1.0246792490708
1.1929687500001,1.4223037440894,0.93152840975592,1.0246812507315
1.1931640625001,1.4222614865324,0.9315302260166,1.0246832486183
1.1933593750001,1.4222190901585,0.93153203884604,1.0246852427306
1.1935546875001,1.42217655507,0.93153384824384,1.0246872330682
1.1937500000001,1.4221338813691,0.93153565420962,1.0246892196306
1.1939453125001,1.4220910691583,0.93153745674297,1.0246912024173
1.1941406250001,1.4220481185399,0.93153925584351,1.0246931814279
1.1943359375001,1.4220050296164,0.93154105151085,1.0246951566619
1.1945312500001,1.4219618024905,0.93154284374459,1.024697128119
1.1947265625001,1.4219184372647,0.93154463254435,1.0246990957988
1.1949218750001,1.4218749340421,0.93154641790974,1.0247010597007
1.1951171875001,1.4218312929252,0.93154819984039,1.0247030198244
1.1953125000001,1.4217875140171,0.93154997833591,1.0247049761695
1.1955078125001,1.4217435974208,0.93155175339591,1.0247069287355
1.1957031250001,1.4216995432393,0.93155352502002,1.024708877522
1.1958984375001,1.4216553515758,0.93155529320786,1.0247108225286
1.1960937500001,1.4216110225337,0.93155705795906,1.024712763755
1.1962890625001,1.4215665562161,0.93155881927324,1.0247147012006
1.1964843750001,1.4215219527266,0.93156057715002,1.024716634865
1.1966796875001,1.4214772121685,0.93156233158904,1.0247185647479
1.1968750000001,1.4214323346455,0.93156408258993,1.0247204908489
1.1970703125001,1.4213873202612,0.93156583015231,1.0247224131675
1.1972656250001,1.4213421691193,0.93156757427583,1.0247243317034
1.1974609375001,1.4212968813237,0.93156931496011,1.0247262464561
1.1976562500001,1.4212514569781,0.9315710522048,1.0247281574253
1.1978515625001,1.4212058961866,0.93157278600952,1.0247300646105
1.1980468750001,1.4211601990532,0.93157451637393,1.0247319680113
1.1982421875001,1.4211143656821,0.93157624329765,1.0247338676274
1.1984375000001,1.4210683961773,0.93157796678034,1.0247357634584
1.1986328125001,1.4210222906432,0.93157968682164,1.0247376555038
1.1988281250001,1.4209760491841,0.93158140342119,1.0247395437633
1.1990234375001,1.4209296719044,0.93158311657864,1.0247414282365
1.1992187500001,1.4208831589087,0.93158482629364,1.024743308923
1.1994140625001,1.4208365103015,0.93158653256584,1.0247451858224
1.1996093750001,1.4207897261874,0.93158823539489,1.0247470589344
1.1998046875001,1.4207428066712,0.93158993478045,1.0247489282585
1.2000000000001,1.4206957518576,0.93159163072216,1.0247507937944
1.2001953125001,1.4206485618516,0.9315933232197,1.0247526555417
1.2003906250001,1.4206012367581,0.9315950122727,1.0247545135
1.2005859375001,1.4205537766821,0.93159669788085,1.0247563676689
1.2007812500001,1.4205061817288,0.93159838004379,1.0247582180482
1.2009765625001,1.4204584520032,0.93160005876119,1.0247600646373
1.2011718750001,1.4204105876107,0.93160173403271,1.024761907436
1.2013671875001,1.4203625886566,0.93160340585802,1.0247637464438
1.2015625000001,1.4203144552462,0.93160507423679,1.0247655816605
1.2017578125001,1.420266187485,0.93160673916869,1.0247674130856
1.2019531250001,1.4202177854786,0.93160840065338,1.0247692407187
1.2021484375001,1.4201692493326,0.93161005869054,1.0247710645596
1.2023437500001,1.4201205791526,0.93161171327984,1.0247728846078
1.2025390625001,1.4200717750445,0.93161336442097,1.0247747008631
1.2027343750001,1.4200228371141,0.93161501211358,1.0247765133249
1.2029296875001,1.4199737654672,0.93161665635738,1.0247783219931
1.2031250000001,1.4199245602099,0.93161829715202,1.0247801268672
1.2033203125001,1.4198752214481,0.9316199344972,1.0247819279469
1.2035156250001,1.4198257492881,0.9316215683926,1.0247837252319
1.2037109375001,1.4197761438359,0.93162319883791,1.0247855187217
1.2039062500001,1.419726405198,0.9316248258328,1.0247873084161
1.2041015625001,1.4196765334805,0.93162644937698,1.0247890943147
1.2042968750001,1.4196265287899,0.93162806947012,1.0247908764171
1.2044921875001,1.4195763912327,0.93162968611191,1.0247926547231
1.2046875000001,1.4195261209154,0.93163129930206,1.0247944292323
1.2048828125001,1.4194757179447,0.93163290904026,1.0247961999443
1.2050781250001,1.4194251824271,0.9316345153262,1.0247979668588
1.2052734375001,1.4193745144695,0.93163611815957,1.0247997299755
1.2054687500001,1.4193237141787,0.93163771754008,1.0248014892941
1.2056640625001,1.4192727816615,0.93163931346743,1.0248032448142
1.2058593750001,1.419221717025,0.93164090594133,1.0248049965355
1.2060546875001,1.4191705203762,0.93164249496146,1.0248067444576
1.2062500000001,1.419119191822,0.93164408052754,1.0248084885803
1.2064453125001,1.4190677314699,0.93164566263928,1.0248102289032
1.2066406250001,1.4190161394268,0.93164724129639,1.024811965426
1.2068359375001,1.4189644158002,0.93164881649857,1.0248136981484
1.2070312500001,1.4189125606974,0.93165038824553,1.0248154270701
1.2072265625001,1.4188605742259,0.93165195653699,1.0248171521907
1.2074218750001,1.4188084564931,0.93165352137267,1.0248188735099
1.2076171875001,1.4187562076066,0.93165508275228,1.0248205910275
1.2078125000001,1.418703827674,0.93165664067553,1.0248223047431
1.2080078125001,1.4186513168031,0.93165819514215,1.0248240146564
1.2082031250001,1.4185986751017,0.93165974615186,1.024825720767
1.2083984375001,1.4185459026774,0.93166129370438,1.0248274230748
1.2085937500001,1.4184929996383,0.93166283779944,1.0248291215794
1.2087890625001,1.4184399660923,0.93166437843675,1.0248308162804
1.2089843750001,1.4183868021474,0.93166591561606,1.0248325071777
1.2091796875001,1.4183335079117,0.93166744933708,1.0248341942708
1.2093750000001,1.4182800834935,0.93166897959954,1.0248358775595
1.2095703125001,1.4182265290008,0.93167050640319,1.0248375570435
1.2097656250001,1.418172844542,0.93167202974775,1.0248392327225
1.2099609375001,1.4181190302255,0.93167354963296,1.0248409045963
1.2101562500001,1.4180650861595,0.93167506605855,1.0248425726644
1.2103515625001,1.4180110124528,0.93167657902426,1.0248442369267
1.2105468750001,1.4179568092137,0.93167808852984,1.0248458973828
1.2107421875001,1.4179024765508,0.93167959457503,1.0248475540325
1.2109375000001,1.417848014573,0.93168109715956,1.0248492068755
1.2111328125001,1.4177934233887,0.93168259628318,1.0248508559115
1.2113281250001,1.417738703107,0.93168409194565,1.0248525011402
1.2115234375001,1.4176838538366,0.9316855841467,1.0248541425614
1.2117187500001,1.4176288756864,0.93168707288608,1.0248557801747
1.2119140625001,1.4175737687654,0.93168855816356,1.0248574139799
1.2121093750001,1.4175185331826,0.93169003997887,1.0248590439768
1.2123046875001,1.4174631690473,0.93169151833178,1.024860670165
1.2125000000001,1.4174076764684,0.93169299322204,1.0248622925442
1.2126953125001,1.4173520555553,0.9316944646494,1.0248639111143
1.2128906250001,1.4172963064172,0.93169593261363,1.024865525875
1.2130859375001,1.4172404291635,0.93169739711449,1.0248671368259
1.2132812500001,1.4171844239036,0.93169885815174,1.0248687439669
1.2134765625001,1.4171282907469,0.93170031572514,1.0248703472977
1.2136718750001,1.417072029803,0.93170176983446,1.0248719468179
1.2138671875001,1.4170156411814,0.93170322047946,1.0248735425274
1.2140625000001,1.4169591249919,0.93170466765992,1.0248751344259
1.2142578125001,1.416902481344,0.9317061113756,1.0248767225132
1.2144531250001,1.4168457103476,0.93170755162628,1.0248783067889
1.2146484375001,1.4167888121125,0.93170898841173,1.0248798872529
1.2148437500001,1.4167317867486,0.93171042173172,1.0248814639049
1.2150390625001,1.4166746343658,0.93171185158603,1.0248830367446
1.2152343750001,1.416617355074,0.93171327797443,1.0248846057719
1.2154296875001,1.4165599489835,0.93171470089672,1.0248861709864
1.2156250000001,1.4165024162042,0.93171612035267,1.0248877323879
1.2158203125001,1.4164447568464,0.93171753634205,1.0248892899763
1.2160156250001,1.4163869710202,0.93171894886466,1.0248908437511
1.2162109375001,1.416329058836,0.93172035792029,1.0248923937123
1.2164062500001,1.416271020404,0.93172176350872,1.0248939398596
1.2166015625001,1.4162128558348,0.93172316562973,1.0248954821927
1.2167968750001,1.4161545652387,0.93172456428312,1.0248970207114
1.2169921875001,1.4160961487263,0.93172595946869,1.0248985554156
1.2171875000001,1.4160376064081,0.93172735118623,1.0249000863048
1.2173828125001,1.4159789383948,0.93172873943552,1.0249016133791
1.2175781250001,1.415920144797,0.93173012421638,1.024903136638
1.2177734375001,1.4158612257254,0.93173150552859,1.0249046560814
1.2179687500001,1.4158021812909,0.93173288337196,1.0249061717092
1.2181640625001,1.4157430116043,0.93173425774629,1.0249076835209
1.2183593750001,1.4156837167765,0.93173562865139,1.0249091915165
1.2185546875001,1.4156242969184,0.93173699608705,1.0249106956958
1.2187500000001,1.4155647521411,0.93173836005309,1.0249121960584
1.2189453125001,1.4155050825556,0.93173972054932,1.0249136926042
1.2191406250001,1.415445288273,0.93174107757554,1.0249151853331
1.2193359375001,1.4153853694045,0.93174243113156,1.0249166742447
1.2195312500001,1.4153253260613,0.93174378121721,1.0249181593389
1.2197265625001,1.4152651583548,0.93174512783229,1.0249196406155
1.2199218750001,1.4152048663961,0.93174647097661,1.0249211180743
1.2201171875001,1.4151444502968,0.93174781065001,1.024922591715
1.2203125000001,1.4150839101682,0.9317491468523,1.0249240615375
1.2205078125001,1.4150232461218,0.93175047958329,1.0249255275416
1.2207031250001,1.4149624582692,0.93175180884281,1.0249269897271
1.2208984375001,1.4149015467219,0.9317531346307,1.0249284480938
1.2210937500001,1.4148405115916,0.93175445694676,1.0249299026414
1.2212890625001,1.41477935299,0.93175577579083,1.0249313533699
1.2214843750001,1.4147180710288,0.93175709116274,1.024932800279
1.2216796875001,1.41465666582,0.93175840306233,1.0249342433686
1.2218750000001,1.4145951374751,0.93175971148941,1.0249356826384
1.2220703125001,1.4145334861062,0.93176101644383,1.0249371180882
1.2222656250001,1.4144717118253,0.93176231792542,1.024938549718
1.2224609375001,1.4144098147442,0.93176361593403,1.0249399775274
1.2226562500001,1.4143477949751,0.93176491046947,1.0249414015164
1.2228515625001,1.4142856526301,0.93176620153161,1.0249428216848
1.2230468750001,1.4142233878213,0.93176748912028,1.0249442380323
1.2232421875001,1.414161000661,0.93176877323532,1.0249456505589
1.2234375000001,1.4140984912612,0.93177005387658,1.0249470592642
1.2236328125001,1.4140358597344,0.93177133104391,1.0249484641483
1.2238281250001,1.4139731061929,0.93177260473715,1.0249498652109
1.2240234375001,1.4139102307491,0.93177387495616,1.0249512624518
1.2242187500001,1.4138472335155,0.93177514170078,1.0249526558709
1.2244140625001,1.4137841146044,0.93177640497087,1.024954045468
1.2246093750001,1.4137208741285,0.93177766476629,1.0249554312429
1.2248046875001,1.4136575122004,0.93177892108689,1.0249568131956
1.2250000000001,1.4135940289326,0.93178017393252,1.0249581913258
1.2251953125001,1.4135304244378,0.93178142330306,1.0249595656334
1.2253906250001,1.4134666988289,0.93178266919836,1.0249609361182
1.2255859375001,1.4134028522185,0.93178391161828,1.0249623027801
1.2257812500001,1.4133388847194,0.93178515056268,1.024963665619
1.2259765625001,1.4132747964446,0.93178638603144,1.0249650246346
1.2261718750001,1.413210587507,0.93178761802443,1.0249663798269
1.2263671875001,1.4131462580194,0.9317888465415,1.0249677311957
1.2265625000001,1.413081808095,0.93179007158254,1.0249690787408
1.2267578125001,1.4130172378467,0.93179129314741,1.0249704224622
1.2269531250001,1.4129525473877,0.93179251123599,1.0249717623596
1.2271484375001,1.4128877368312,0.93179372584816,1.024973098433
1.2273437500001,1.4128228062902,0.93179493698378,1.0249744306822
1.2275390625001,1.4127577558779,0.93179614464275,1.024975759107
1.2277343750001,1.4126925857079,0.93179734882495,1.0249770837074
1.2279296875001,1.4126272958932,0.93179854953024,1.0249784044833
1.2281250000001,1.4125618865473,0.93179974675853,1.0249797214344
1.2283203125001,1.4124963577836,0.93180094050969,1.0249810345607
1.2285156250001,1.4124307097155,0.93180213078361,1.024982343862
1.2287109375001,1.4123649424566,0.93180331758018,1.0249836493382
1.2289062500001,1.4122990561203,0.93180450089929,1.0249849509892
1.2291015625001,1.4122330508203,0.93180568074083,1.0249862488149
1.2292968750001,1.4121669266702,0.9318068571047,1.0249875428152
1.2294921875001,1.4121006837836,0.93180802999079,1.0249888329899
1.2296875000001,1.4120343222743,0.931809199399,1.0249901193389
1.2298828125001,1.411967842256,0.93181036532923,1.0249914018622
1.2300781250001,1.4119012438425,0.93181152778137,1.0249926805595
1.2302734375001,1.4118345271477,0.93181268675533,1.0249939554309
1.2304687500001,1.4117676922853,0.93181384225102,1.0249952264761
1.2306640625001,1.4117007393694,0.93181499426833,1.0249964936952
1.2308593750001,1.4116336685139,0.93181614280717,1.0249977570879
1.2310546875001,1.4115664798328,0.93181728786745,1.0249990166542
1.2312500000001,1.4114991734402,0.93181842944909,1.025000272394
1.2314453125001,1.4114317494501,0.93181956755199,1.0250015243072
1.2316406250001,1.4113642079766,0.93182070217607,1.0250027723937
1.2318359375001,1.411296549134,0.93182183332123,1.0250040166534
1.2320312500001,1.4112287730364,0.93182296098741,1.0250052570861
1.2322265625001,1.4111608797981,0.93182408517451,1.025006493692
1.2324218750001,1.4110928695333,0.93182520588245,1.0250077264707
1.2326171875001,1.4110247423564,0.93182632311116,1.0250089554223
1.2328125000001,1.4109564983817,0.93182743686056,1.0250101805466
1.2330078125001,1.4108881377237,0.93182854713057,1.0250114018436
1.2332031250001,1.4108196604967,0.93182965392112,1.0250126193132
1.2333984375001,1.4107510668154,0.93183075723214,1.0250138329554
1.2335937500001,1.410682356794,0.93183185706355,1.0250150427699
1.2337890625001,1.4106135305474,0.93183295341529,1.0250162487568
1.2339843750001,1.41054458819,0.93183404628729,1.025017450916
1.2341796875001,1.4104755298364,0.93183513567949,1.0250186492474
1.2343750000001,1.4104063556014,0.93183622159181,1.025019843751
1.2345703125001,1.4103370655996,0.9318373040242,1.0250210344266
1.2347656250001,1.4102676599458,0.9318383829766,1.0250222212743
1.2349609375001,1.4101981387547,0.93183945844894,1.0250234042938
1.2351562500001,1.4101285021412,0.93184053044118,1.0250245834853
1.2353515625001,1.4100587502202,0.93184159895324,1.0250257588486
1.2355468750001,1.4099888831065,0.93184266398509,1.0250269303836
1.2357421875001,1.4099189009151,0.93184372553666,1.0250280980903
1.2359375000001,1.4098488037609,0.93184478360791,1.0250292619687
1.2361328125001,1.4097785917589,0.93184583819878,1.0250304220187
1.2363281250001,1.4097082650241,0.93184688930923,1.0250315782402
1.2365234375001,1.4096378236717,0.93184793693921,1.0250327306331
1.2367187500001,1.4095672678167,0.93184898108868,1.0250338791975
1.2369140625001,1.4094965975743,0.93185002175759,1.0250350239333
1.2371093750001,1.4094258130597,0.9318510589459,1.0250361648405
1.2373046875001,1.409354914388,0.93185209265358,1.0250373019189
1.2375000000001,1.4092839016745,0.93185312288058,1.0250384351686
1.2376953125001,1.4092127750345,0.93185414962687,1.0250395645896
1.2378906250001,1.4091415345833,0.93185517289241,1.0250406901816
1.2380859375001,1.4090701804362,0.93185619267717,1.0250418119449
1.2382812500001,1.4089987127086,0.93185720898112,1.0250429298792
1.2384765625001,1.408927131516,0.93185822180423,1.0250440439846
1.2386718750001,1.4088554369738,0.93185923114646,1.0250451542611
1.2388671875001,1.4087836291974,0.93186023700781,1.0250462607086
1.2390625000001,1.4087117083024,0.93186123938822,1.025047363327
1.2392578125001,1.4086396744043,0.9318622382877,1.0250484621165
1.2394531250001,1.4085675276187,0.93186323370621,1.0250495570768
1.2396484375001,1.4084952680612,0.93186422564373,1.0250506482081
1.2398437500001,1.4084228958475,0.93186521410024,1.0250517355103
1.2400390625001,1.4083504110932,0.93186619907573,1.0250528189833
1.2402343750001,1.4082778139141,0.93186718057019,1.0250538986272
1.2404296875001,1.4082051044258,0.93186815858359,1.025054974442
1.2406250000001,1.4081322827441,0.93186913311593,1.0250560464275
1.2408203125001,1.4080593489849,0.9318701041672,1.0250571145839
1.2410156250001,1.4079863032639,0.93187107173739,1.0250581789111
1.2412109375001,1.4079131456971,0.93187203582648,1.0250592394091
1.2414062500001,1.4078398764003,0.93187299643448,1.0250602960779
1.2416015625001,1.4077664954894,0.93187395356139,1.0250613489175
1.2417968750001,1.4076930030804,0.93187490720719,1.0250623979279
1.2419921875001,1.4076193992893,0.93187585737189,1.0250634431091
1.2421875000001,1.4075456842321,0.93187680405549,1.025064484461
1.2423828125001,1.4074718580248,0.931877747258,1.0250655219838
1.2425781250001,1.4073979207835,0.93187868697941,1.0250665556774
1.2427734375001,1.4073238726243,0.93187962321974,1.0250675855417
1.2429687500001,1.4072497136633,0.93188055597898,1.0250686115769
1.2431640625001,1.4071754440167,0.93188148525716,1.0250696337829
1.2433593750001,1.4071010638007,0.93188241105428,1.0250706521597
1.2435546875001,1.4070265731314,0.93188333337036,1.0250716667074
1.2437500000001,1.4069519721252,0.9318842522054,1.0250726774259
1.2439453125001,1.4068772608983,0.93188516755943,1.0250736843154
1.2441406250001,1.4068024395669,0.93188607943246,1.0250746873757
1.2443359375001,1.4067275082475,0.9318869878245,1.025075686607
1.2445312500001,1.4066524670563,0.9318878927356,1.0250766820092
1.2447265625001,1.4065773161098,0.93188879416575,1.0250776735823
1.2449218750001,1.4065020555243,0.931889692115,1.0250786613265
1.2451171875001,1.4064266854163,0.93189058658336,1.0250796452417
1.2453125000001,1.4063512059022,0.93189147757086,1.0250806253279
1.2455078125001,1.4062756170986,0.93189236507754,1.0250816015853
1.2457031250001,1.406199919122,0.93189324910341,1.0250825740138
1.2458984375001,1.4061241120888,0.93189412964852,1.0250835426134
1.2460937500001,1.4060481961156,0.9318950067129,1.0250845073842
1.2462890625001,1.4059721713191,0.93189588029658,1.0250854683262
1.2464843750001,1.4058960378158,0.9318967503996,1.0250864254396
1.2466796875001,1.4058197957225,0.931897617022,1.0250873787242
1.2468750000001,1.4057434451556,0.93189848016383,1.0250883281802
1.2470703125001,1.4056669862321,0.93189933982511,1.0250892738076
1.2472656250001,1.4055904190685,0.93190019600591,1.0250902156065
1.2474609375001,1.4055137437816,0.93190104870625,1.0250911535769
1.2476562500001,1.4054369604881,0.9319018979262,1.0250920877188
1.2478515625001,1.4053600693049,0.93190274366579,1.0250930180324
1.2480468750001,1.4052830703488,0.93190358592508,1.0250939445176
1.2482421875001,1.4052059637365,0.93190442470412,1.0250948671745
1.2484375000001,1.4051287495851,0.93190526000297,1.0250957860033
1.2486328125002,1.4050514280112,0.93190609182168,1.0250967010038
1.2488281250002,1.4049739991319,0.93190692016031,1.0250976121763
1.2490234375002,1.4048964630641,0.93190774501891,1.0250985195208
1.2492187500002,1.4048188199247,0.93190856639755,1.0250994230373
1.2494140625002,1.4047410698307,0.93190938429628,1.0251003227259
1.2496093750002,1.4046632128991,0.93191019871518,1.0251012185867
1.2498046875002,1.4045852492469,0.93191100965431,1.0251021106197
1.2500000000002,1.4045071789912,0.93191181711373,1.0251029988251
1.2501953125002,1.4044290022489,0.93191262109351,1.0251038832029
1.2503906250002,1.4043507191373,0.93191342159373,1.0251047637531
1.2505859375002,1.4042723297733,0.93191421861445,1.0251056404759
1.2507812500002,1.4041938342742,0.93191501215575,1.0251065133713
1.2509765625002,1.4041152327572,0.93191580221771,1.0251073824395
1.2511718750002,1.4040365253392,0.9319165888004,1.0251082476804
1.2513671875002,1.4039577121375,0.93191737190389,1.0251091090943
1.2515625000002,1.4038787932693,0.93191815152828,1.0251099666811
1.2517578125002,1.403799768852,0.93191892767364,1.025110820441
1.2519531250002,1.4037206390026,0.93191970034005,1.0251116703741
1.2521484375002,1.4036414038386,0.93192046952761,1.0251125164804
1.2523437500002,1.4035620634771,0.93192123523639,1.02511335876
1.2525390625002,1.4034826180355,0.93192199746649,1.0251141972131
1.2527343750002,1.403403067631,0.93192275621799,1.0251150318398
1.2529296875002,1.4033234123812,0.93192351149099,1.0251158626401
1.2531250000002,1.4032436524033,0.93192426328559,1.0251166896141
1.2533203125002,1.4031637878147,0.93192501160187,1.0251175127621
1.2535156250002,1.4030838187328,0.93192575643993,1.0251183320839
1.2537109375002,1.403003745275,0.93192649779987,1.0251191475799
1.2539062500002,1.4029235675588,0.9319272356818,1.02511995925
1.2541015625002,1.4028432857017,0.93192797008581,1.0251207670944
1.2542968750002,1.402762899821,0.931928701012,1.0251215711132
1.2544921875002,1.4026824100343,0.93192942846049,1.0251223713065
1.2546875000002,1.4026018164592,0.93193015243138,1.0251231676745
1.2548828125002,1.4025211192131,0.93193087292477,1.0251239602172
1.2550781250002,1.4024403184136,0.93193158994078,1.0251247489349
1.2552734375002,1.4023594141782,0.93193230347952,1.0251255338275
1.2554687500002,1.4022784066246,0.9319330135411,1.0251263148952
1.2556640625002,1.4021972958703,0.93193372012564,1.0251270921382
1.2558593750002,1.4021160820329,0.93193442323326,1.0251278655566
1.2560546875002,1.4020347652301,0.93193512286406,1.0251286351505
1.2562500000002,1.4019533455795,0.93193581901818,1.02512940092
1.2564453125002,1.4018718231987,0.93193651169573,1.0251301628653
1.2566406250002,1.4017901982055,0.93193720089684,1.0251309209865
1.2568359375002,1.4017084707175,0.93193788662163,1.0251316752838
1.2570312500002,1.4016266408525,0.93193856887023,1.0251324257573
1.2572265625002,1.4015447087282,0.93193924764276,1.025133172407
1.2574218750002,1.4014626744622,0.93193992293937,1.0251339152333
1.2576171875002,1.4013805381724,0.93194059476017,1.0251346542362
1.2578125000002,1.4012982999765,0.9319412631053,1.0251353894158
1.2580078125002,1.4012159599923,0.93194192797491,1.0251361207724
1.2582031250002,1.4011335183376,0.93194258936911,1.025136848306
1.2583984375002,1.4010509751302,0.93194324728806,1.0251375720169
1.2585937500002,1.4009683304879,0.93194390173189,1.0251382919051
1.2587890625002,1.4008855845285,0.93194455270074,1.0251390079708
1.2589843750002,1.40080273737,0.93194520019476,1.0251397202142
1.2591796875002,1.4007197891302,0.93194584421409,1.0251404286355
1.2593750000002,1.4006367399268,0.93194648475888,1.0251411332348
1.2595703125002,1.400553589878,0.93194712182928,1.0251418340122
1.2597656250002,1.4004703391014,0.93194775542543,1.025142530968
1.2599609375002,1.4003869877151,0.93194838554749,1.0251432241022
1.2601562500002,1.400303535837,0.93194901219561,1.0251439134152
1.2603515625002,1.400219983585,0.93194963536995,1.0251445989069
1.2605468750002,1.400136331077,0.93195025507066,1.0251452805777
1.2607421875002,1.4000525784311,0.93195087129791,1.0251459584277
1.2609375000002,1.3999687257651,0.93195148405184,1.025146632457
1.2611328125002,1.3998847731972,0.93195209333263,1.0251473026659
1.2613281250002,1.3998007208452,0.93195269914043,1.0251479690545
1.2615234375002,1.3997165688273,0.93195330147542,1.025148631623
1.2617187500002,1.3996323172613,0.93195390033775,1.0251492903715
1.2619140625002,1.3995479662654,0.9319544957276,1.0251499453004
1.2621093750002,1.3994635159575,0.93195508764513,1.0251505964096
1.2623046875002,1.3993789664558,0.93195567609053,1.0251512436996
1.2625000000002,1.3992943178782,0.93195626106395,1.0251518871703
1.2626953125002,1.3992095703429,0.93195684256558,1.0251525268221
1.2628906250002,1.399124723968,0.93195742059559,1.0251531626551
1.2630859375002,1.3990397788715,0.93195799515416,1.0251537946696
1.2632812500002,1.3989547351715,0.93195856624148,1.0251544228656
1.2634765625002,1.3988695929861,0.93195913385771,1.0251550472435
1.2636718750002,1.3987843524335,0.93195969800306,1.0251556678034
1.2638671875002,1.3986990136318,0.93196025867769,1.0251562845455
1.2640625000002,1.398613576699,0.9319608158818,1.02515689747
1.2642578125002,1.3985280417535,0.93196136961558,1.0251575065771
1.2644531250002,1.3984424089133,0.93196191987921,1.0251581118671
1.2646484375002,1.3983566782965,0.93196246667289,1.0251587133402
1.2648437500002,1.3982708500214,0.93196300999681,1.0251593109965
1.2650390625002,1.3981849242061,0.93196354985117,1.0251599048363
1.2652343750002,1.3980989009688,0.93196408623616,1.0251604948598
1.2654296875002,1.3980127804277,0.93196461915198,1.0251610810672
1.2656250000002,1.3979265627011,0.93196514859883,1.0251616634587
1.2658203125002,1.397840247907,0.93196567457691,1.0251622420346
1.2660156250002,1.3977538361637,0.93196619708643,1.0251628167951
1.2662109375002,1.3976673275895,0.93196671612759,1.0251633877404
1.2664062500002,1.3975807223026,0.9319672317006,1.0251639548707
1.2666015625002,1.3974940204211,0.93196774380567,1.0251645181862
1.2667968750002,1.3974072220634,0.931968252443,1.0251650776873
1.2669921875002,1.3973203273477,0.93196875761281,1.0251656333741
1.2671875000002,1.3972333363923,0.93196925931531,1.0251661852468
1.2673828125002,1.3971462493153,0.93196975755072,1.0251667333058
1.2675781250002,1.3970590662351,0.93197025231925,1.0251672775512
1.2677734375002,1.39697178727,0.93197074362113,1.0251678179832
1.2679687500002,1.3968844125381,0.93197123145657,1.0251683546022
1.2681640625002,1.3967969421579,0.93197171582579,1.0251688874084
1.2683593750002,1.3967093762475,0.93197219672901,1.0251694164019
1.2685546875002,1.3966217149253,0.93197267416648,1.0251699415831
1.2687500000002,1.3965339583095,0.9319731481384,1.0251704629522
1.2689453125002,1.3964461065185,0.93197361864501,1.0251709805095
1.2691406250002,1.3963581596706,0.93197408568653,1.0251714942552
1.2693359375002,1.3962701178841,0.93197454926321,1.0251720041895
1.2695312500002,1.3961819812772,0.93197500937527,1.0251725103128
1.2697265625002,1.3960937499683,0.93197546602295,1.0251730126252
1.2699218750002,1.3960054240757,0.93197591920649,1.0251735111271
1.2701171875002,1.3959170037178,0.93197636892612,1.0251740058187
1.2703125000002,1.3958284890128,0.93197681518209,1.0251744967003
1.2705078125002,1.3957398800791,0.93197725797463,1.0251749837721
1.2707031250002,1.395651177035,0.93197769730399,1.0251754670344
1.2708984375002,1.3955623799989,0.93197813317042,1.0251759464875
1.2710937500002,1.395473489089,0.93197856557416,1.0251764221316
1.2712890625002,1.3953845044238,0.93197899451547,1.025176893967
1.2714843750002,1.3952954261216,0.93197941999458,1.025177361994
1.2716796875002,1.3952062543007,0.93197984201176,1.0251778262129
1.2718750000002,1.3951169890794,0.93198026056726,1.025178286624
1.2720703125002,1.3950276305761,0.93198067566133,1.0251787432275
1.2722656250002,1.3949381789092,0.93198108729423,1.0251791960236
1.2724609375002,1.394848634197,0.93198149546622,1.0251796450128
1.2726562500002,1.3947589965578,0.93198190017755,1.0251800901953
1.2728515625002,1.39466926611,0.9319823014285,1.0251805315714
1.2730468750002,1.394579442972,0.93198269921933,1.0251809691413
1.2732421875002,1.3944895272621,0.93198309355029,1.0251814029053
1.2734375000002,1.3943995190986,0.93198348442167,1.0251818328638
1.2736328125002,1.3943094186,0.93198387183372,1.0251822590171
1.2738281250002,1.3942192258845,0.93198425578672,1.0251826813654
1.2740234375002,1.3941289410705,0.93198463628093,1.025183099909
1.2742187500002,1.3940385642764,0.93198501331665,1.0251835146483
1.2744140625002,1.3939480956206,0.93198538689413,1.0251839255835
1.2746093750002,1.3938575352213,0.93198575701365,1.025184332715
1.2748046875002,1.393766883197,0.93198612367551,1.0251847360431
1.2750000000002,1.3936761396659,0.93198648687997,1.025185135568
1.2751953125002,1.3935853047465,0.93198684662731,1.02518553129
1.2753906250002,1.393494378557,0.93198720291783,1.0251859232096
1.2755859375002,1.3934033612159,0.93198755575181,1.025186311327
1.2757812500002,1.3933122528415,0.93198790512953,1.0251866956425
1.2759765625002,1.3932210535521,0.93198825105129,1.0251870761564
1.2761718750002,1.393129763466,0.93198859351737,1.0251874528691
1.2763671875002,1.3930383827017,0.93198893252808,1.0251878257809
1.2765625000002,1.3929469113774,0.93198926808369,1.0251881948921
1.2767578125002,1.3928553496115,0.93198960018451,1.025188560203
1.2769531250002,1.3927636975223,0.93198992883084,1.0251889217139
1.2771484375002,1.3926719552282,0.93199025402297,1.0251892794253
1.2773437500002,1.3925801228474,0.9319905757612,1.0251896333373
1.2775390625002,1.3924882004983,0.93199089404585,1.0251899834504
1.2777343750002,1.3923961882993,0.9319912088772,1.0251903297649
1.2779296875002,1.3923040863686,0.93199152025558,1.0251906722811
1.2781250000002,1.3922118948246,0.93199182818128,1.0251910109994
1.2783203125002,1.3921196137855,0.93199213265462,1.0251913459201
1.2785156250002,1.3920272433697,0.9319924336759,1.0251916770435
1.2787109375002,1.3919347836955,0.93199273124544,1.02519200437
1.2789062500002,1.3918422348812,0.93199302536355,1.0251923278999
1.2791015625002,1.3917495970451,0.93199331603056,1.0251926476336
1.2792968750002,1.3916568703054,0.93199360324677,1.0251929635714
1.2794921875002,1.3915640547805,0.9319938870125,1.0251932757138
1.2796875000002,1.3914711505886,0.93199416732809,1.0251935840609
1.2798828125002,1.3913781578481,0.93199444419384,1.0251938886132
1.2800781250002,1.3912850766771,0.9319947176101,1.0251941893711
1.2802734375002,1.391191907194,0.93199498757717,1.0251944863349
1.2804687500002,1.391098649517,0.93199525409539,1.0251947795049
1.2806640625002,1.3910053037644,0.93199551716509,1.0251950688816
1.2808593750002,1.3909118700544,0.9319957767866,1.0251953544653
1.2810546875002,1.3908183485053,0.93199603296025,1.0251956362563
1.2812500000002,1.3907247392352,0.93199628568638,1.025195914255
1.2814453125002,1.3906310423625,0.93199653496532,1.0251961884619
1.2816406250002,1.3905372580054,0.93199678079742,1.0251964588772
1.2818359375002,1.390443386282,0.93199702318301,1.0251967255013
1.2820312500002,1.3903494273107,0.93199726212243,1.0251969883347
1.2822265625002,1.3902553812095,0.93199749761603,1.0251972473776
1.2824218750002,1.3901612480967,0.93199772966415,1.0251975026306
1.2826171875002,1.3900670280905,0.93199795826714,1.0251977540938
1.2828125000002,1.3899727213091,0.93199818342534,1.0251980017679
1.2830078125002,1.3898783278707,0.93199840513911,1.025198245653
1.2832031250002,1.3897838478933,0.93199862340879,1.0251984857497
1.2833984375002,1.3896892814952,0.93199883823475,1.0251987220582
1.2835937500002,1.3895946287945,0.93199904961733,1.0251989545791
1.2837890625002,1.3894998899095,0.9319992575569,1.0251991833126
1.2839843750002,1.3894050649581,0.9319994620538,1.0251994082592
1.2841796875002,1.3893101540585,0.93199966310841,1.0251996294192
1.2843750000002,1.3892151573289,0.93199986072108,1.0251998467932
1.2845703125002,1.3891200748874,0.93200005489217,1.0252000603814
1.2847656250002,1.389024906852,0.93200024562205,1.0252002701843
1.2849609375002,1.3889296533409,0.9320004329111,1.0252004762022
1.2851562500002,1.3888343144721,0.93200061675967,1.0252006784356
1.2853515625002,1.3887388903637,0.93200079716813,1.0252008768849
1.2855468750002,1.3886433811338,0.93200097413687,1.0252010715506
1.2857421875002,1.3885477869005,0.93200114766624,1.0252012624329
1.2859375000002,1.3884521077817,0.93200131775663,1.0252014495323
1.2861328125002,1.3883563438955,0.93200148440842,1.0252016328493
1.2863281250002,1.3882604953599,0.93200164762198,1.0252018123842
1.2865234375002,1.3881645622931,0.9320018073977,1.0252019881375
1.2867187500002,1.3880685448128,0.93200196373595,1.0252021601095
1.2869140625002,1.3879724430372,0.93200211663711,1.0252023283008
1.2871093750002,1.3878762570841,0.93200226610159,1.0252024927117
1.2873046875002,1.3877799870717,0.93200241212975,1.0252026533427
1.2875000000002,1.3876836331179,0.932002554722,1.0252028101942
1.2876953125002,1.3875871953406,0.93200269387872,1.0252029632666
1.2878906250002,1.3874906738577,0.9320028296003,1.0252031125603
1.2880859375002,1.3873940687871,0.93200296188713,1.0252032580758
1.2882812500002,1.3872973802469,0.93200309073962,1.0252033998136
1.2884765625002,1.3872006083548,0.93200321615817,1.025203537774
1.2886718750002,1.3871037532288,0.93200333814316,1.0252036719575
1.2888671875002,1.3870068149867,0.932003456695,1.0252038023645
1.2890625000002,1.3869097937465,0.93200357181409,1.0252039289955
1.2892578125002,1.3868126896259,0.93200368350084,1.0252040518509
1.2894531250002,1.3867155027428,0.93200379175565,1.0252041709312
1.2896484375002,1.386618233215,0.93200389657894,1.0252042862368
1.2898437500002,1.3865208811604,0.9320039979711,1.0252043977682
1.2900390625002,1.3864234466968,0.93200409593255,1.0252045055258
1.2902343750002,1.3863259299418,0.93200419046371,1.0252046095101
1.2904296875002,1.3862283310134,0.93200428156498,1.0252047097215
1.2906250000002,1.3861306500292,0.93200436923678,1.0252048061605
1.2908203125002,1.3860328871071,0.93200445347954,1.0252048988275
1.2910156250002,1.3859350423647,0.93200453429367,1.025204987723
1.2912109375002,1.3858371159197,0.93200461167959,1.0252050728475
1.2914062500002,1.38573910789,0.93200468563772,1.0252051542015
1.2916015625002,1.385641018393,0.93200475616849,1.0252052317853
1.2917968750002,1.3855428475467,0.93200482327232,1.0252053055996
1.2919921875002,1.3854445954685,0.93200488694965,1.0252053756446
1.2921875000002,1.3853462622762,0.9320049472009,1.025205441921
1.2923828125002,1.3852478480873,0.93200500402651,1.0252055044292
1.2925781250002,1.3851493530195,0.9320050574269,1.0252055631696
1.2927734375002,1.3850507771905,0.93200510740251,1.0252056181428
1.2929687500002,1.3849521207177,0.93200515395378,1.0252056693492
1.2931640625002,1.3848533837188,0.93200519708115,1.0252057167893
1.2933593750002,1.3847545663112,0.93200523678505,1.0252057604636
1.2935546875002,1.3846556686126,0.93200527306593,1.0252058003725
1.2937500000002,1.3845566907405,0.93200530592423,1.0252058365166
1.2939453125002,1.3844576328123,0.93200533536039,1.0252058688964
1.2941406250002,1.3843584949456,0.93200536137487,1.0252058975124
1.2943359375002,1.3842592772578,0.9320053839681,1.0252059223649
1.2945312500002,1.3841599798665,0.93200540314055,1.0252059434546
1.2947265625002,1.3840606028889,0.93200541889266,1.0252059607819
1.2949218750002,1.3839611464427,0.93200543122488,1.0252059743474
1.2951171875002,1.383861610645,0.93200544013767,1.0252059841514
1.2953125000002,1.3837619956134,0.93200544563149,1.0252059901946
1.2955078125002,1.3836623014653,0.9320054477068,1.0252059924775
1.2957031250002,1.3835625283179,0.93200544636405,1.0252059910005
1.2958984375002,1.3834626762887,0.93200544160371,1.0252059857641
1.2960937500002,1.3833627454948,0.93200543342624,1.0252059767689
1.2962890625002,1.3832627360537,0.93200542183211,1.0252059640153
1.2964843750002,1.3831626480827,0.93200540682178,1.025205947504
1.2966796875002,1.3830624816989,0.93200538839573,1.0252059272353
1.2968750000002,1.3829622370196,0.93200536655442,1.0252059032099
1.2970703125002,1.3828619141621,0.93200534129832,1.0252058754281
1.2972656250002,1.3827615132436,0.93200531262791,1.0252058438907
1.2974609375002,1.3826610343812,0.93200528054366,1.025205808598
1.2976562500002,1.3825604776922,0.93200524504606,1.0252057695507
1.2978515625002,1.3824598432936,0.93200520613557,1.0252057267491
1.2980468750002,1.3823591313027,0.93200516381269,1.025205680194
1.2982421875002,1.3822583418365,0.93200511807789,1.0252056298857
1.2984375000002,1.3821574750121,0.93200506893166,1.0252055758248
1.2986328125002,1.3820565309466,0.93200501637448,1.0252055180119
1.2988281250002,1.3819555097571,0.93200496040684,1.0252054564475
1.2990234375002,1.3818544115606,0.93200490102923,1.0252053911322
1.2992187500002,1.381753236474,0.93200483824214,1.0252053220664
1.2994140625002,1.3816519846145,0.93200477204607,1.0252052492507
1.2996093750002,1.381550656099,0.9320047024415,1.0252051726856
1.2998046875002,1.3814492510443,0.93200462942893,1.0252050923718
1.3000000000002,1.3813477695676,0.93200455300887,1.0252050083098
1.3001953125002,1.3812462117856,0.93200447318181,1.0252049205
1.3003906250002,1.3811445778153,0.93200438994824,1.0252048289431
1.3005859375002,1.3810428677735,0.93200430330868,1.0252047336396
1.3007812500002,1.3809410817771,0.93200421326363,1.02520463459
1.3009765625002,1.3808392199429,0.93200411981359,1.025204531795
1.3011718750002,1.3807372823877,0.93200402295908,1.025204425255
1.3013671875002,1.3806352692284,0.9320039227006,1.0252043149707
1.3015625000002,1.3805331805816,0.93200381903866,1.0252042009425
1.3017578125002,1.3804310165641,0.93200371197378,1.0252040831712
1.3019531250002,1.3803287772927,0.93200360150647,1.0252039616571
1.3021484375002,1.3802264628839,0.93200348763724,1.025203836401
1.3023437500002,1.3801240734546,0.93200337036662,1.0252037074033
1.3025390625002,1.3800216091213,0.93200324969513,1.0252035746646
1.3027343750002,1.3799190700007,0.93200312562328,1.0252034381856
1.3029296875002,1.3798164562094,0.93200299815161,1.0252032979668
1.3031250000002,1.3797137678639,0.93200286728062,1.0252031540087
1.3033203125002,1.3796110050809,0.93200273301086,1.0252030063119
1.3035156250002,1.3795081679769,0.93200259534285,1.0252028548771
1.3037109375002,1.3794052566683,0.93200245427712,1.0252026997048
1.3039062500002,1.3793022712717,0.9320023098142,1.0252025407956
1.3041015625002,1.3791992119036,0.93200216195463,1.0252023781501
1.3042968750002,1.3790960786803,0.93200201069893,1.0252022117688
1.3044921875002,1.3789928717183,0.93200185604765,1.0252020416524
1.3046875000002,1.3788895911341,0.93200169800133,1.0252018678015
1.3048828125002,1.3787862370438,0.9320015365605,1.0252016902166
1.3050781250002,1.3786828095641,0.93200137172571,1.0252015088983
1.3052734375002,1.378579308811,0.9320012034975,1.0252013238473
1.3054687500002,1.378475734901,0.93200103187642,1.0252011350641
1.3056640625002,1.3783720879502,0.93200085686301,1.0252009425493
1.3058593750002,1.3782683680751,0.93200067845783,1.0252007463036
1.3060546875002,1.3781645753917,0.93200049666141,1.0252005463276
1.3062500000002,1.3780607100163,0.93200031147432,1.0252003426218
1.3064453125002,1.377956772065,0.93200012289711,1.0252001351868
1.3066406250002,1.377852761654,0.93199993093034,1.0251999240234
1.3068359375002,1.3777486788995,0.93199973557455,1.025199709132
1.3070312500002,1.3776445239174,0.93199953683032,1.0251994905134
1.3072265625002,1.377540296824,0.9319993346982,1.025199268168
1.3074218750002,1.3774359977351,0.93199912917875,1.0251990420966
1.3076171875002,1.3773316267669,0.93199892027254,1.0251988122998
1.3078125000002,1.3772271840354,0.93199870798013,1.0251985787781
1.3080078125002,1.3771226696564,0.9319984923021,1.0251983415323
1.3082031250002,1.377018083746,0.931998273239,1.0251981005629
1.3083984375002,1.3769134264201,0.93199805079142,1.0251978558706
1.3085937500002,1.3768086977944,0.93199782495992,1.0251976074559
1.3087890625002,1.376703897985,0.93199759574507,1.0251973553196
1.3089843750002,1.3765990271076,0.93199736314747,1.0251970994622
1.3091796875002,1.3764940852781,0.93199712716767,1.0251968398844
1.3093750000002,1.3763890726121,0.93199688780627,1.0251965765869
1.3095703125002,1.3762839892256,0.93199664506383,1.0251963095702
1.3097656250002,1.3761788352341,0.93199639894096,1.0251960388351
1.3099609375002,1.3760736107533,0.93199614943822,1.025195764382
1.3101562500002,1.3759683158991,0.93199589655621,1.0251954862118
1.3103515625002,1.3758629507869,0.93199564029551,1.0251952043251
1.3105468750002,1.3757575155324,0.93199538065672,1.0251949187224
1.3107421875002,1.3756520102512,0.93199511764042,1.0251946294045
1.3109375000002,1.3755464350588,0.93199485124721,1.0251943363719
1.3111328125002,1.3754407900708,0.93199458147769,1.0251940396255
1.3113281250002,1.3753350754026,0.93199430833244,1.0251937391657
1.3115234375002,1.3752292911697,0.93199403181207,1.0251934349933
1.3117187500002,1.3751234374876,0.93199375191718,1.0251931271089
1.3119140625002,1.3750175144717,0.93199346864837,1.0251928155132
1.3121093750002,1.3749115222374,0.93199318200624,1.0251925002069
1.3123046875002,1.3748054608999,0.9319928919914,1.0251921811905
1.3125000000002,1.3746993305747,0.93199259860445,1.0251918584649
1.3126953125002,1.374593131377,0.93199230184601,1.0251915320306
1.3128906250002,1.3744868634221,0.93199200171667,1.0251912018883
1.3130859375002,1.3743805268252,0.93199169821707,1.0251908680388
1.3132812500002,1.3742741217015,0.9319913913478,1.0251905304826
1.3134765625002,1.3741676481662,0.93199108110948,1.0251901892204
1.3136718750002,1.3740611063345,0.93199076750273,1.025189844253
1.3138671875002,1.3739544963214,0.93199045052818,1.025189495581
1.3140625000002,1.373847818242,0.93199013018643,1.0251891432051
1.3142578125002,1.3737410722115,0.93198980647811,1.0251887871259
1.3144531250002,1.3736342583447,0.93198947940385,1.0251884273442
1.3146484375002,1.3735273767568,0.93198914896427,1.0251880638607
1.3148437500002,1.3734204275625,0.93198881516,1.025187696676
1.3150390625002,1.373313410877,0.93198847799166,1.0251873257908
1.3152343750002,1.3732063268151,0.93198813745989,1.0251869512059
1.3154296875002,1.3730991754916,0.93198779356532,1.0251865729219
1.3156250000002,1.3729919570214,0.93198744630858,1.0251861909394
1.3158203125002,1.3728846715193,0.93198709569032,1.0251858052593
1.3160156250002,1.3727773191001,0.93198674171115,1.0251854158823
1.3162109375002,1.3726698998784,0.93198638437174,1.0251850228089
1.3164062500002,1.372562413969,0.93198602367271,1.02518462604
1.3166015625002,1.3724548614867,0.93198565961471,1.0251842255762
1.3167968750002,1.372347242546,0.93198529219838,1.0251838214182
1.3169921875002,1.3722395572615,0.93198492142437,1.0251834135668
1.3171875000002,1.3721318057478,0.93198454729333,1.0251830020227
1.3173828125002,1.3720239881195,0.9319841698059,1.0251825867865
1.3175781250002,1.371916104491,0.93198378896274,1.025182167859
1.3177734375002,1.3718081549769,0.9319834047645,1.025181745241
1.3179687500002,1.3717001396916,0.93198301721184,1.025181318933
1.3181640625002,1.3715920587495,0.9319826263054,1.0251808889359
1.3183593750002,1.371483912265,0.93198223204585,1.0251804552504
1.3185546875002,1.3713757003525,0.93198183443385,1.0251800178772
1.3187500000002,1.3712674231262,0.93198143347006,1.0251795768171
1.3189453125002,1.3711590807004,0.93198102915514,1.0251791320707
1.3191406250002,1.3710506731895,0.93198062148976,1.0251786836387
1.3193359375002,1.3709422007075,0.93198021047457,1.025178231522
1.3195312500002,1.3708336633687,0.93197979611026,1.0251777757213
1.3197265625002,1.3707250612872,0.93197937839749,1.0251773162372
1.3199218750002,1.3706163945771,0.93197895733693,1.0251768530706
1.3201171875002,1.3705076633525,0.93197853292926,1.0251763862222
1.3203125000002,1.3703988677275,0.93197810517514,1.0251759156927
1.3205078125002,1.3702900078161,0.93197767407527,1.0251754414828
1.3207031250002,1.3701810837321,0.9319772396303,1.0251749635933
1.3208984375002,1.3700720955896,0.93197680184094,1.025174482025
1.3210937500002,1.3699630435025,0.93197636070784,1.0251739967786
1.3212890625002,1.3698539275847,0.93197591623171,1.0251735078549
1.3214843750002,1.3697447479499,0.93197546841322,1.0251730152545
1.3216796875002,1.3696355047119,0.93197501725307,1.0251725189784
1.3218750000002,1.3695261979846,0.93197456275193,1.0251720190271
1.3220703125002,1.3694168278816,0.9319741049105,1.0251715154016
1.3222656250002,1.3693073945166,0.93197364372948,1.0251710081024
1.3224609375002,1.3691978980034,0.93197317920955,1.0251704971305
1.3226562500002,1.3690883384554,0.93197271135141,1.0251699824866
1.3228515625002,1.3689787159864,0.93197224015576,1.0251694641713
1.3230468750002,1.3688690307098,0.93197176562329,1.0251689421856
1.3232421875002,1.3687592827391,0.93197128775472,1.0251684165302
1.3234375000002,1.3686494721879,0.93197080655073,1.0251678872058
1.3236328125002,1.3685395991695,0.93197032201203,1.0251673542132
1.3238281250002,1.3684296637974,0.93196983413933,1.0251668175533
1.3240234375002,1.3683196661849,0.93196934293334,1.0251662772267
1.3242187500002,1.3682096064454,0.93196884839476,1.0251657332342
1.3244140625002,1.3680994846921,0.93196835052431,1.0251651855767
1.3246093750002,1.3679893010383,0.93196784932269,1.025164634255
1.3248046875002,1.3678790555972,0.93196734479062,1.0251640792697
1.3250000000002,1.367768748482,0.93196683692882,1.0251635206217
1.3251953125002,1.3676583798058,0.93196632573801,1.0251629583118
1.3253906250002,1.3675479496818,0.9319658112189,1.0251623923408
1.3255859375002,1.3674374582229,0.93196529337221,1.0251618227094
1.3257812500002,1.3673269055423,0.93196477219867,1.0251612494185
1.3259765625002,1.3672162917529,0.93196424769899,1.0251606724689
1.3261718750002,1.3671056169677,0.93196371987392,1.0251600918613
1.3263671875002,1.3669948812995,0.93196318872417,1.0251595075966
1.3265625000002,1.3668840848613,0.93196265425047,1.0251589196755
1.3267578125002,1.3667732277658,0.93196211645356,1.0251583280989
1.3269531250002,1.366662310126,0.93196157533416,1.0251577328676
1.3271484375002,1.3665513320545,0.93196103089301,1.0251571339823
1.3273437500002,1.3664402936641,0.93196048313085,1.0251565314439
1.3275390625002,1.3663291950675,0.93195993204842,1.0251559252533
1.3277343750002,1.3662180363772,0.93195937764645,1.0251553154111
1.3279296875002,1.3661068177059,0.93195881992569,1.0251547019183
1.3281250000002,1.3659955391662,0.93195825888687,1.0251540847756
1.3283203125002,1.3658842008706,0.93195769453075,1.0251534639838
1.3285156250002,1.3657728029315,0.93195712685807,1.0251528395439
1.3287109375002,1.3656613454614,0.93195655586957,1.0251522114565
1.3289062500002,1.3655498285728,0.93195598156601,1.0251515797226
1.3291015625002,1.3654382523779,0.93195540394814,1.025150944343
1.3292968750002,1.3653266169892,0.93195482301671,1.0251503053184
1.3294921875002,1.3652149225189,0.93195423877248,1.0251496626497
1.3296875000002,1.3651031690792,0.9319536512162,1.0251490163378
1.3298828125002,1.3649913567824,0.93195306034863,1.0251483663835
1.3300781250002,1.3648794857406,0.93195246617053,1.0251477127876
1.3302734375002,1.3647675560659,0.93195186868266,1.0251470555509
1.3304687500002,1.3646555678705,0.93195126788578,1.0251463946744
1.3306640625002,1.3645435212664,0.93195066378067,1.0251457301587
1.3308593750002,1.3644314163655,0.93195005636808,1.0251450620049
1.3310546875002,1.3643192532799,0.93194944564879,1.0251443902137
1.3312500000002,1.3642070321214,0.93194883162356,1.0251437147859
1.3314453125002,1.364094753002,0.93194821429317,1.0251430357225
1.3316406250002,1.3639824160335,0.93194759365839,1.0251423530242
1.3318359375002,1.3638700213276,0.93194696972,1.025141666692
1.3320312500002,1.3637575689962,0.93194634247876,1.0251409767266
1.3322265625002,1.363645059151,0.93194571193547,1.025140283129
1.3324218750002,1.3635324919035,0.93194507809089,1.0251395859
1.3326171875002,1.3634198673655,0.93194444094582,1.0251388850404
1.3328125000002,1.3633071856486,0.93194380050103,1.0251381805511
1.3330078125002,1.3631944468643,0.93194315675732,1.025137472433
1.3332031250002,1.363081651124,0.93194250971546,1.025136760687
1.3333984375002,1.3629687985394,0.93194185937625,1.0251360453139
1.3335937500002,1.3628558892217,0.93194120574047,1.0251353263145
1.3337890625002,1.3627429232823,0.93194054880893,1.0251346036898
1.3339843750002,1.3626299008327,0.9319398885824,1.0251338774406
1.3341796875002,1.362516821984,0.9319392250617,1.0251331475679
1.3343750000002,1.3624036868476,0.93193855824761,1.0251324140724
1.3345703125002,1.3622904955346,0.93193788814093,1.025131676955
1.3347656250002,1.3621772481562,0.93193721474247,1.0251309362167
1.3349609375002,1.3620639448236,0.93193653805302,1.0251301918583
1.3351562500002,1.3619505856477,0.93193585807339,1.0251294438807
1.3353515625002,1.3618371707398,0.93193517480439,1.0251286922848
1.3355468750002,1.3617237002106,0.93193448824682,1.0251279370715
1.3357421875002,1.3616101741712,0.9319337984015,1.0251271782416
1.3359375000002,1.3614965927325,0.93193310526922,1.0251264157961
1.3361328125002,1.3613829560054,0.93193240885081,1.0251256497359
1.3363281250002,1.3612692641006,0.93193170914708,1.0251248800618
1.3365234375002,1.3611555171289,0.93193100615885,1.0251241067747
1.3367187500002,1.3610417152011,0.93193029988692,1.0251233298756
1.3369140625002,1.3609278584278,0.93192959033213,1.0251225493653
1.3371093750002,1.3608139469197,0.93192887749528,1.0251217652448
1.3373046875002,1.3606999807874,0.93192816137721,1.0251209775149
1.3375000000002,1.3605859601415,0.93192744197874,1.0251201861766
1.3376953125002,1.3604718850923,0.93192671930069,1.0251193912308
1.3378906250002,1.3603577557505,0.9319259933439,1.0251185926783
1.3380859375002,1.3602435722263,0.93192526410918,1.0251177905201
1.3382812500002,1.3601293346303,0.93192453159738,1.0251169847571
1.3384765625002,1.3600150430727,0.93192379580931,1.0251161753902
1.3386718750002,1.3599006976637,0.93192305674583,1.0251153624204
1.3388671875002,1.3597862985137,0.93192231440776,1.0251145458485
1.3390625000002,1.3596718457328,0.93192156879594,1.0251137256755
1.3392578125002,1.3595573394311,0.93192081991122,1.0251129019023
1.3394531250002,1.3594427797189,0.93192006775442,1.0251120745299
1.3396484375002,1.359328166706,0.9319193123264,1.025111243559
1.3398437500002,1.3592135005026,0.931918553628,1.0251104089908
1.3400390625002,1.3590987812185,0.93191779166006,1.0251095708261
1.3402343750002,1.3589840089638,0.93191702642343,1.0251087290658
1.3404296875002,1.3588691838482,0.93191625791897,1.0251078837109
1.3406250000002,1.3587543059817,0.93191548614752,1.0251070347623
1.3408203125002,1.3586393754739,0.93191471110994,1.0251061822209
1.3410156250002,1.3585243924346,0.93191393280707,1.0251053260878
1.3412109375002,1.3584093569735,0.93191315123978,1.0251044663638
1.3414062500002,1.3582942692003,0.93191236640893,1.0251036030498
1.3416015625002,1.3581791292244,0.93191157831537,1.0251027361469
1.3417968750002,1.3580639371556,0.93191078695996,1.025101865656
1.3419921875002,1.3579486931032,0.93190999234357,1.0251009915779
1.3421875000002,1.3578333971768,0.93190919446707,1.0251001139138
1.3423828125002,1.3577180494856,0.93190839333131,1.0250992326644
1.3425781250002,1.3576026501392,0.93190758893717,1.0250983478309
1.3427734375002,1.3574871992467,0.93190678128551,1.0250974594141
1.3429687500002,1.3573716969175,0.93190597037721,1.0250965674149
1.3431640625002,1.3572561432608,0.93190515621314,1.0250956718345
1.3433593750002,1.3571405383856,0.93190433879418,1.0250947726736
1.3435546875002,1.3570248824013,0.9319035181212,1.0250938699333
1.3437500000002,1.3569091754168,0.93190269419507,1.0250929636146
1.3439453125002,1.3567934175411,0.93190186701668,1.0250920537184
1.3441406250002,1.3566776088832,0.93190103658692,1.0250911402456
1.3443359375002,1.3565617495521,0.93190020290666,1.0250902231973
1.3445312500002,1.3564458396567,0.93189936597678,1.0250893025745
1.3447265625002,1.3563298793057,0.93189852579818,1.025088378378
1.3449218750002,1.3562138686079,0.93189768237174,1.0250874506089
1.3451171875002,1.3560978076722,0.93189683569835,1.0250865192682
1.3453125000002,1.3559816966071,0.9318959857789,1.0250855843568
1.3455078125002,1.3558655355213,0.9318951326143,1.0250846458757
1.3457031250002,1.3557493245234,0.93189427620542,1.025083703826
1.3458984375002,1.3556330637219,0.93189341655317,1.0250827582085
1.3460937500002,1.3555167532254,0.93189255365844,1.0250818090243
1.3462890625002,1.3554003931422,0.93189168752214,1.0250808562744
1.3464843750002,1.3552839835808,0.93189081814517,1.0250798999597
1.3466796875002,1.3551675246495,0.93188994552842,1.0250789400813
1.3468750000002,1.3550510164566,0.93188906967281,1.0250779766401
1.3470703125002,1.3549344591103,0.93188819057924,1.0250770096372
1.3472656250002,1.3548178527189,0.93188730824863,1.0250760390735
1.3474609375002,1.3547011973905,0.93188642268187,1.0250750649501
1.3476562500002,1.3545844932331,0.93188553387988,1.0250740872679
1.3478515625002,1.3544677403549,0.93188464184357,1.0250731060279
1.3480468750002,1.3543509388637,0.93188374657386,1.0250721212312
1.3482421875002,1.3542340888677,0.93188284807167,1.0250711328788
1.3484375000002,1.3541171904746,0.93188194633791,1.0250701409717
1.3486328125002,1.3540002437922,0.9318810413735,1.0250691455108
1.3488281250002,1.3538832489285,0.93188013317937,1.0250681464973
1.3490234375002,1.3537662059912,0.93187922175643,1.0250671439321
1.3492187500002,1.3536491150879,0.93187830710562,1.0250661378162
1.3494140625002,1.3535319763262,0.93187738922785,1.0250651281506
1.3496093750002,1.3534147898139,0.93187646812407,1.0250641149365
1.3498046875002,1.3532975556584,0.93187554379519,1.0250630981747
1.3500000000002,1.3531802739671,0.93187461624215,1.0250620778664
1.3501953125002,1.3530629448476,0.93187368546588,1.0250610540125
1.3503906250002,1.3529455684073,0.93187275146731,1.025060026614
1.3505859375002,1.3528281447535,0.93187181424739,1.0250589956721
1.3507812500002,1.3527106739934,0.93187087380705,1.0250579611878
1.3509765625002,1.3525931562342,0.93186993014724,1.025056923162
1.3511718750002,1.3524755915833,0.93186898326888,1.0250558815958
1.3513671875002,1.3523579801477,0.93186803317293,1.0250548364902
1.3515625000002,1.3522403220345,0.93186707986033,1.0250537878464
1.3517578125002,1.3521226173508,0.93186612333203,1.0250527356652
1.3519531250002,1.3520048662034,0.93186516358898,1.0250516799479
1.3521484375002,1.3518870686994,0.93186420063211,1.0250506206953
1.3523437500002,1.3517692249456,0.9318632344624,1.0250495579086
1.3525390625002,1.3516513350488,0.93186226508079,1.0250484915889
1.3527343750002,1.3515333991158,0.93186129248823,1.025047421737
1.3529296875002,1.3514154172533,0.93186031668568,1.0250463483542
1.3531250000002,1.351297389568,0.9318593376741,1.0250452714415
1.3533203125002,1.3511793161665,0.93185835545445,1.0250441909999
1.3535156250002,1.3510611971554,0.93185737002769,1.0250431070305
1.3537109375002,1.3509430326411,0.93185638139479,1.0250420195343
1.3539062500002,1.3508248227301,0.9318553895567,1.0250409285124
1.3541015625002,1.3507065675289,0.9318543945144,1.0250398339658
1.3542968750002,1.3505882671437,0.93185339626885,1.0250387358957
1.3544921875002,1.3504699216808,0.93185239482102,1.0250376343031
1.3546875000002,1.3503515312466,0.93185139017189,1.0250365291891
1.3548828125002,1.3502330959472,0.93185038232243,1.0250354205547
1.3550781250002,1.3501146158887,0.93184937127361,1.025034308401
1.3552734375002,1.3499960911772,0.9318483570264,1.025033192729
1.3554687500002,1.3498775219188,0.9318473395818,1.02503207354
1.3556640625002,1.3497589082194,0.93184631894077,1.0250309508348
1.3558593750002,1.3496402501849,0.93184529510429,1.0250298246147
1.3560546875002,1.3495215479213,0.93184426807336,1.0250286948807
1.3562500000002,1.3494028015343,0.93184323784896,1.0250275616339
1.3564453125002,1.3492840111296,0.93184220443206,1.0250264248753
1.3566406250002,1.3491651768131,0.93184116782367,1.025025284606
1.3568359375002,1.3490462986904,0.93184012802476,1.0250241408272
1.3570312500002,1.3489273768669,0.93183908503634,1.02502299354
1.3572265625002,1.3488084114484,0.93183803885939,1.0250218427453
1.3574218750002,1.3486894025403,0.93183698949491,1.0250206884444
1.3576171875002,1.348570350248,0.93183593694389,1.0250195306383
1.3578125000002,1.348451254677,0.93183488120734,1.0250183693281
1.3580078125002,1.3483321159324,0.93183382228624,1.0250172045149
1.3582031250002,1.3482129341197,0.93183276018161,1.0250160361998
1.3583984375002,1.348093709344,0.93183169489445,1.0250148643839
1.3585937500002,1.3479744417105,0.93183062642576,1.0250136890683
1.3587890625002,1.3478551313243,0.93182955477654,1.0250125102542
1.3589843750002,1.3477357782905,0.93182847994781,1.0250113279426
1.3591796875002,1.347616382714,0.93182740194057,1.0250101421346
1.3593750000002,1.3474969446999,0.93182632075584,1.0250089528314
1.3595703125002,1.3473774643529,0.93182523639462,1.0250077600341
1.3597656250002,1.3472579417779,0.93182414885794,1.0250065637437
1.3599609375002,1.3471383770798,0.93182305814681,1.0250053639615
1.3601562500002,1.3470187703632,0.93182196426224,1.0250041606885
1.3603515625002,1.3468991217328,0.93182086720525,1.0250029539258
1.3605468750002,1.3467794312931,0.93181976697688,1.0250017436746
1.3607421875002,1.3466596991489,0.93181866357813,1.0250005299359
1.3609375000002,1.3465399254045,0.93181755701003,1.024999312711
1.3611328125002,1.3464201101644,0.93181644727362,1.024998092001
1.3613281250002,1.346300253533,0.93181533436991,1.0249968678069
1.3615234375002,1.3461803556146,0.93181421829994,1.0249956401299
1.3617187500002,1.3460604165136,0.93181309906473,1.0249944089712
1.3619140625002,1.345940436334,0.93181197666532,1.0249931743319
1.3621093750002,1.3458204151802,0.93181085110274,1.024991936213
1.3623046875002,1.3457003531561,0.93180972237804,1.0249906946158
1.3625000000002,1.3455802503659,0.93180859049224,1.0249894495415
1.3626953125002,1.3454601069135,0.93180745544639,1.024988200991
1.3628906250002,1.3453399229029,0.93180631724152,1.0249869489657
1.3630859375002,1.345219698438,0.93180517587868,1.0249856934665
1.3632812500002,1.3450994336225,0.93180403135891,1.0249844344948
1.3634765625002,1.3449791285603,0.93180288368326,1.0249831720516
1.3636718750002,1.3448587833551,0.93180173285277,1.0249819061381
1.3638671875002,1.3447383981104,0.9318005788685,1.0249806367554
1.3640625000002,1.34461797293,0.9317994217315,1.0249793639046
1.3642578125002,1.3444975079173,0.93179826144281,1.0249780875871
1.3644531250002,1.3443770031759,0.93179709800349,1.0249768078038
1.3646484375002,1.3442564588091,0.93179593141459,1.0249755245561
1.3648437500002,1.3441358749203,0.93179476167718,1.0249742378449
1.3650390625002,1.3440152516129,0.93179358879231,1.0249729476715
1.3652343750002,1.3438945889901,0.93179241276104,1.0249716540371
1.3654296875002,1.343773887155,0.93179123358443,1.0249703569429
1.3656250000002,1.3436531462109,0.93179005126355,1.0249690563899
1.3658203125002,1.3435323662608,0.93178886579947,1.0249677523794
1.3660156250002,1.3434115474077,0.93178767719324,1.0249664449126
1.3662109375002,1.3432906897546,0.93178648544594,1.0249651339905
1.3664062500002,1.3431697934043,0.93178529055864,1.0249638196145
1.3666015625002,1.3430488584598,0.93178409253241,1.0249625017856
1.3667968750002,1.3429278850239,0.93178289136832,1.0249611805051
1.3669921875002,1.3428068731991,0.93178168706744,1.0249598557742
1.3671875000002,1.3426858230884,0.93178047963086,1.0249585275939
1.3673828125002,1.3425647347941,0.93177926905966,1.0249571959656
1.3675781250002,1.342443608419,0.9317780553549,1.0249558608904
1.3677734375002,1.3423224440654,0.93177683851768,1.0249545223694
1.3679687500002,1.3422012418359,0.93177561854907,1.024953180404
1.3681640625002,1.3420800018329,0.93177439545017,1.0249518349952
1.3683593750002,1.3419587241585,0.93177316922206,1.0249504861443
1.3685546875002,1.3418374089151,0.93177193986582,1.0249491338524
1.3687500000002,1.341716056205,0.93177070738254,1.0249477781208
1.3689453125002,1.3415946661302,0.93176947177332,1.0249464189507
1.3691406250002,1.3414732387928,0.93176823303925,1.0249450563432
1.3693359375002,1.3413517742949,0.93176699118142,1.0249436902996
1.3695312500002,1.3412302727385,0.93176574620094,1.024942320821
1.3697265625002,1.3411087342253,0.93176449809889,1.0249409479088
1.3699218750002,1.3409871588573,0.93176324687638,1.024939571564
1.3701171875002,1.3408655467364,0.9317619925345,1.024938191788
1.3703125000002,1.3407438979641,0.93176073507436,1.0249368085818
1.3705078125002,1.3406222126422,0.93175947449707,1.0249354219468
1.3707031250002,1.3405004908722,0.93175821080373,1.0249340318841
1.3708984375002,1.3403787327558,0.93175694399545,1.024932638395
1.3710937500002,1.3402569383944,0.93175567407333,1.0249312414807
1.3712890625002,1.3401351078895,0.93175440103849,1.0249298411423
1.3714843750002,1.3400132413423,0.93175312489203,1.0249284373812
1.3716796875002,1.3398913388544,0.93175184563508,1.0249270301986
1.3718750000002,1.3397694005268,0.93175056326875,1.0249256195956
1.3720703125002,1.3396474264607,0.93174927779415,1.0249242055736
1.3722656250002,1.3395254167574,0.93174798921241,1.0249227881337
1.3724609375002,1.3394033715178,0.93174669752464,1.0249213672771
1.3726562500002,1.3392812908431,0.93174540273197,1.0249199430052
1.3728515625002,1.339159174834,0.93174410483552,1.0249185153191
1.3730468750002,1.3390370235916,0.93174280383641,1.02491708422
1.3732421875002,1.3389148372166,0.93174149973577,1.0249156497093
1.3734375000002,1.3387926158099,0.93174019253473,1.0249142117882
1.3736328125002,1.338670359472,0.93173888223442,1.0249127704579
1.3738281250002,1.3385480683038,0.93173756883598,1.0249113257196
1.3740234375002,1.3384257424056,0.93173625234052,1.0249098775746
1.3742187500002,1.3383033818782,0.9317349327492,1.0249084260241
1.3744140625002,1.3381809868219,0.93173361006314,1.0249069710695
1.3746093750002,1.3380585573371,0.93173228428348,1.0249055127118
1.3748046875002,1.3379360935242,0.93173095541137,1.0249040509525
1.3750000000002,1.3378135954835,0.93172962344794,1.0249025857927
1.3751953125002,1.3376910633151,0.93172828839434,1.0249011172338
1.3753906250002,1.3375684971193,0.9317269502517,1.0248996452769
1.3755859375002,1.3374458969961,0.93172560902119,1.0248981699233
1.3757812500002,1.3373232630456,0.93172426470394,1.0248966911743
1.3759765625002,1.3372005953677,0.9317229173011,1.0248952090312
1.3761718750002,1.3370778940623,0.93172156681383,1.0248937234952
1.3763671875002,1.3369551592295,0.93172021324327,1.0248922345676
1.3765625000002,1.3368323909684,0.93171885659058,1.0248907422496
1.3767578125002,1.3367095893796,0.93171749685692,1.0248892465426
1.3769531250002,1.3365867545622,0.93171613404344,1.0248877474478
1.3771484375002,1.3364638866161,0.93171476815131,1.0248862449664
1.3773437500002,1.3363409856406,0.93171339918167,1.0248847390998
1.3775390625002,1.3362180517353,0.9317120271357,1.0248832298493
1.3777343750002,1.3360950849997,0.93171065201456,1.024881717216
1.3779296875002,1.335972085533,0.93170927381941,1.0248802012013
1.3781250000002,1.3358490534345,0.93170789255142,1.0248786818066
1.3783203125002,1.3357259888035,0.93170650821175,1.0248771590329
1.3785156250002,1.3356028917391,0.93170512080159,1.0248756328817
1.3787109375002,1.3354797623404,0.93170373032209,1.0248741033543
1.3789062500002,1.3353566007066,0.93170233677443,1.0248725704519
1.3791015625002,1.3352334069364,0.93170094015979,1.0248710341758
1.3792968750002,1.335110181129,0.93169954047935,1.0248694945273
1.3794921875002,1.3349869233831,0.93169813773427,1.0248679515077
1.3796875000002,1.3348636337975,0.93169673192574,1.0248664051183
1.3798828125002,1.3347403124709,0.93169532305495,1.0248648553604
1.3800781250002,1.334616959502,0.93169391112307,1.0248633022354
1.3802734375002,1.3344935749894,0.93169249613128,1.0248617457444
1.3804687500002,1.3343701590316,0.93169107808078,1.0248601858889
1.3806640625002,1.3342467117272,0.93168965697274,1.02485862267
1.3808593750002,1.3341232331745,0.93168823280837,1.0248570560892
1.3810546875002,1.3339997234718,0.93168680558885,1.0248554861477
1.3812500000002,1.3338761827176,0.93168537531537,1.0248539128469
1.3814453125002,1.3337526110098,0.93168394198912,1.024852336188
1.3816406250002,1.3336290084468,0.9316825056113,1.0248507561724
1.3818359375002,1.3335053751267,0.93168106618311,1.0248491728014
1.3820312500002,1.3333817111474,0.93167962370575,1.0248475860763
1.3822265625002,1.3332580166069,0.93167817818041,1.0248459959985
1.3824218750002,1.3331342916031,0.9316767296083,1.0248444025691
1.3826171875002,1.3330105362339,0.93167527799062,1.0248428057897
1.3828125000002,1.3328867505971,0.93167382332857,1.0248412056614
1.3830078125002,1.3327629347902,0.93167236562337,1.0248396021857
1.3832031250002,1.3326390889111,0.93167090487621,1.0248379953638
1.3833984375002,1.3325152130573,0.93166944108831,1.0248363851971
1.3835937500002,1.3323913073262,0.93166797426088,1.024834771687
1.3837890625002,1.3322673718155,0.93166650439513,1.0248331548346
1.3839843750002,1.3321434066223,0.93166503149228,1.0248315346415
1.3841796875002,1.3320194118441,0.93166355555354,1.0248299111089
1.3843750000002,1.3318953875782,0.93166207658012,1.0248282842381
1.3845703125002,1.3317713339217,0.93166059457326,1.0248266540306
1.3847656250002,1.3316472509718,0.93165910953416,1.0248250204876
1.3849609375002,1.3315231388255,0.93165762146404,1.0248233836104
1.3851562500002,1.3313989975798,0.93165613036415,1.0248217434006
1.3853515625002,1.3312748273317,0.93165463623569,1.0248200998593
1.3855468750002,1.331150628178,0.93165313907989,1.0248184529879
1.3857421875002,1.3310264002156,0.93165163889799,1.0248168027878
1.3859375000002,1.3309021435413,0.9316501356912,1.0248151492603
1.3861328125002,1.3307778582516,0.93164862946078,1.0248134924069
1.3863281250002,1.3306535444432,0.93164712020793,1.0248118322287
1.3865234375002,1.3305292022126,0.93164560793391,1.0248101687273
1.3867187500002,1.3304048316564,0.93164409263995,1.0248085019039
1.3869140625002,1.330280432871,0.93164257432727,1.02480683176
1.3871093750002,1.3301560059526,0.93164105299714,1.0248051582968
1.3873046875002,1.3300315509977,0.93163952865077,1.0248034815158
1.3875000000002,1.3299070681023,0.93163800128942,1.0248018014184
1.3876953125002,1.3297825573628,0.93163647091433,1.0248001180058
1.3878906250002,1.3296580188752,0.93163493752675,1.0247984312794
1.3880859375002,1.3295334527354,0.93163340112791,1.0247967412407
1.3882812500002,1.3294088590395,0.93163186171908,1.024795047891
1.3884765625002,1.3292842378834,0.9316303193015,1.0247933512316
1.3886718750002,1.3291595893629,0.93162877387641,1.0247916512641
1.3888671875002,1.3290349135738,0.93162722544509,1.0247899479896
1.3890625000002,1.3289102106117,0.93162567400877,1.0247882414096
1.3892578125002,1.3287854805723,0.93162411956871,1.0247865315256
1.3894531250002,1.3286607235512,0.93162256212618,1.0247848183388
1.3896484375002,1.3285359396439,0.93162100168243,1.0247831018507
1.3898437500002,1.3284111289457,0.93161943823872,1.0247813820626
1.3900390625002,1.3282862915522,0.93161787179632,1.024779658976
1.3902343750002,1.3281614275585,0.93161630235649,1.0247779325921
1.3904296875002,1.3280365370599,0.93161472992049,1.0247762029125
1.3906250000002,1.3279116201517,0.93161315448959,1.0247744699385
1.3908203125002,1.3277866769288,0.93161157606506,1.0247727336716
1.3910156250002,1.3276617074863,0.93160999464817,1.024770994113
1.3912109375002,1.3275367119193,0.93160841024019,1.0247692512642
1.3914062500002,1.3274116903226,0.9316068228424,1.0247675051266
1.3916015625002,1.327286642791,0.93160523245606,1.0247657557017
1.3917968750002,1.3271615694194,0.93160363908246,1.0247640029907
1.3919921875002,1.3270364703024,0.93160204272287,1.0247622469952
1.3921875000002,1.3269113455347,0.93160044337857,1.0247604877164
1.3923828125002,1.3267861952109,0.93159884105085,1.0247587251559
1.3925781250002,1.3266610194254,0.93159723574098,1.0247569593151
1.3927734375002,1.3265358182727,0.93159562745025,1.0247551901953
1.3929687500002,1.3264105918472,0.93159401617994,1.0247534177979
1.3931640625002,1.3262853402432,0.93159240193134,1.0247516421245
1.3933593750002,1.3261600635549,0.93159078470575,1.0247498631763
1.3935546875002,1.3260347618765,0.93158916450444,1.0247480809549
1.3937500000002,1.3259094353021,0.93158754132871,1.0247462954616
1.3939453125002,1.3257840839257,0.93158591517985,1.0247445066978
1.3941406250002,1.3256587078414,0.93158428605917,1.0247427146651
1.3943359375002,1.3255333071429,0.93158265396794,1.0247409193647
1.3945312500002,1.3254078819242,0.93158101890748,1.0247391207982
1.3947265625002,1.3252824322791,0.93157938087908,1.024737318967
1.3949218750002,1.3251569583012,0.93157773988404,1.0247355138724
1.3951171875002,1.3250314600841,0.93157609592367,1.024733705516
1.3953125000002,1.3249059377215,0.93157444899926,1.0247318938992
1.3955078125002,1.3247803913067,0.93157279911212,1.0247300790233
1.3957031250002,1.3246548209334,0.93157114626356,1.0247282608899
1.3958984375002,1.3245292266948,0.93156949045489,1.0247264395004
1.3960937500002,1.3244036086842,0.93156783168742,1.0247246148562
1.3962890625002,1.3242779669948,0.93156616996245,1.0247227869587
1.3964843750002,1.3241523017199,0.93156450528131,1.0247209558094
1.3966796875002,1.3240266129525,0.9315628376453,1.0247191214098
1.3968750000002,1.3239009007856,0.93156116705574,1.0247172837613
1.3970703125002,1.3237751653122,0.93155949351394,1.0247154428653
1.3972656250002,1.3236494066252,0.93155781702124,1.0247135987234
1.3974609375002,1.3235236248174,0.93155613757894,1.0247117513368
1.3976562500002,1.3233978199816,0.93155445518837,1.0247099007072
1.3978515625002,1.3232719922104,0.93155276985086,1.0247080468359
1.3980468750002,1.3231461415965,0.93155108156772,1.0247061897245
1.3982421875002,1.3230202682324,0.93154939034028,1.0247043293743
1.3984375000002,1.3228943722106,0.93154769616987,1.0247024657869
1.3986328125002,1.3227684536235,0.93154599905783,1.0247005989636
1.3988281250002,1.3226425125634,0.93154429900548,1.024698728906
1.3990234375002,1.3225165491227,0.93154259601415,1.0246968556156
1.3992187500002,1.3223905633936,0.93154089008517,1.0246949790937
1.3994140625002,1.3222645554681,0.93153918121989,1.0246930993419
1.3996093750002,1.3221385254384,0.93153746941964,1.0246912163616
1.3998046875002,1.3220124733964,0.93153575468576,1.0246893301543
1.4000000000002,1.3218863994342,0.93153403701959,1.0246874407215
1.4001953125002,1.3217603036435,0.93153231642246,1.0246855480647
1.4003906250002,1.3216341861161,0.93153059289573,1.0246836521853
1.4005859375002,1.3215080469438,0.93152886644073,1.0246817530848
1.4007812500002,1.3213818862183,0.93152713705882,1.0246798507647
1.4009765625002,1.3212557040311,0.93152540475133,1.0246779452265
1.4011718750002,1.3211295004737,0.93152366951963,1.0246760364716
1.4013671875002,1.3210032756376,0.93152193136505,1.0246741245016
1.4015625000002,1.3208770296143,0.93152019028895,1.0246722093178
1.4017578125002,1.3207507624949,0.93151844629269,1.024670290922
1.4019531250002,1.3206244743708,0.93151669937761,1.0246683693154
1.4021484375002,1.3204981653331,0.93151494954508,1.0246664444996
1.4023437500002,1.320371835473,0.93151319679645,1.0246645164761
1.4025390625002,1.3202454848814,0.93151144113308,1.0246625852464
1.4027343750002,1.3201191136494,0.93150968255634,1.024660650812
1.4029296875002,1.3199927218677,0.93150792106758,1.0246587131743
1.4031250000002,1.3198663096274,0.93150615666816,1.024656772335
1.4033203125002,1.3197398770191,0.93150438935946,1.0246548282954
1.4035156250002,1.3196134241335,0.93150261914284,1.0246528810571
1.4037109375002,1.3194869510612,0.93150084601967,1.0246509306216
1.4039062500002,1.3193604578929,0.93149906999132,1.0246489769904
1.4041015625002,1.3192339447189,0.93149729105915,1.0246470201651
1.4042968750002,1.3191074116297,0.93149550922455,1.024645060147
1.4044921875002,1.3189808587157,0.93149372448888,1.0246430969378
1.4046875000002,1.318854286067,0.93149193685352,1.0246411305389
1.4048828125002,1.318727693774,0.93149014631984,1.0246391609518
1.4050781250002,1.3186010819267,0.93148835288924,1.0246371881782
1.4052734375002,1.3184744506152,0.93148655656308,1.0246352122194
1.4054687500002,1.3183477999296,0.93148475734275,1.024633233077
1.4056640625002,1.3182211299596,0.93148295522962,1.0246312507526
1.4058593750002,1.3180944407953,0.93148115022509,1.0246292652476
1.4060546875002,1.3179677325263,0.93147934233054,1.0246272765636
1.4062500000002,1.3178410052424,0.93147753154736,1.0246252847021
1.4064453125002,1.3177142590332,0.93147571787694,1.0246232896646
1.4066406250002,1.3175874939883,0.93147390132066,1.0246212914527
1.4068359375002,1.3174607101973,0.93147208187991,1.0246192900679
1.4070312500002,1.3173339077495,0.9314702595561,1.0246172855117
1.4072265625002,1.3172070867343,0.93146843435062,1.0246152777857
1.4074218750002,1.317080247241,0.93146660626485,1.0246132668913
1.4076171875002,1.3169533893588,0.9314647753002,1.0246112528302
1.4078125000002,1.3168265131769,0.93146294145808,1.0246092356039
1.4080078125002,1.3166996187844,0.93146110473986,1.0246072152139
1.4082031250002,1.3165727062702,0.93145926514697,1.0246051916617
1.4083984375002,1.3164457757234,0.93145742268081,1.0246031649489
1.4085937500002,1.3163188272327,0.93145557734276,1.024601135077
1.4087890625002,1.3161918608871,0.93145372913426,1.0245991020477
1.4089843750002,1.3160648767751,0.93145187805669,1.0245970658624
1.4091796875002,1.3159378749856,0.93145002411148,1.0245950265226
1.4093750000002,1.315810855607,0.93144816730003,1.02459298403
1.4095703125002,1.3156838187279,0.93144630762375,1.0245909383861
1.4097656250002,1.3155567644367,0.93144444508405,1.0245888895925
1.4099609375002,1.3154296928218,0.93144257968236,1.0245868376506
1.4101562500002,1.3153026039716,0.93144071142009,1.0245847825621
1.4103515625002,1.3151754979742,0.93143884029865,1.0245827243285
1.4105468750002,1.3150483749178,0.93143696631946,1.0245806629514
1.4107421875002,1.3149212348906,0.93143508948395,1.0245785984323
1.4109375000002,1.3147940779804,0.93143320979354,1.0245765307729
1.4111328125002,1.3146669042754,0.93143132724965,1.0245744599746
1.4113281250002,1.3145397138633,0.9314294418537,1.0245723860391
1.4115234375002,1.314412506832,0.93142755360713,1.0245703089678
1.4117187500002,1.3142852832692,0.93142566251136,1.0245682287625
1.4119140625002,1.3141580432626,0.93142376856781,1.0245661454246
1.4121093750002,1.3140307868998,0.93142187177793,1.0245640589557
1.4123046875002,1.3139035142683,0.93141997214313,1.0245619693574
1.4125000000002,1.3137762254555,0.93141806966486,1.0245598766314
1.4126953125002,1.3136489205488,0.93141616434456,1.024557780779
1.4128906250002,1.3135215996357,0.93141425618365,1.024555681802
1.4130859375002,1.3133942628032,0.93141234518357,1.0245535797019
1.4132812500002,1.3132669101385,0.93141043134577,1.0245514744803
1.4134765625002,1.3131395417288,0.93140851467168,1.0245493661388
1.4136718750002,1.3130121576611,0.93140659516275,1.024547254679
1.4138671875002,1.3128847580223,0.93140467282042,1.0245451401025
1.4140625000002,1.3127573428994,0.93140274764613,1.0245430224107
1.4142578125002,1.312629912379,0.93140081964134,1.0245409016055
1.4144531250002,1.3125024665481,0.93139888880748,1.0245387776882
1.4146484375002,1.3123750054931,0.93139695514602,1.0245366506606
1.4148437500002,1.3122475293008,0.93139501865839,1.0245345205242
1.4150390625002,1.3121200380576,0.93139307934605,1.0245323872807
1.4152343750002,1.3119925318501,0.93139113721046,1.0245302509315
1.4154296875002,1.3118650107645,0.93138919225307,1.0245281114784
1.4156250000002,1.3117374748872,0.93138724447533,1.0245259689229
1.4158203125002,1.3116099243045,0.93138529387871,1.0245238232666
1.4160156250002,1.3114823591024,0.93138334046465,1.0245216745111
1.4162109375002,1.3113547793672,0.93138138423463,1.0245195226581
1.4164062500002,1.3112271851847,0.93137942519011,1.0245173677091
1.4166015625002,1.311099576641,0.93137746333254,1.0245152096658
1.4167968750002,1.310971953822,0.9313754986634,1.0245130485297
1.4169921875002,1.3108443168134,0.93137353118414,1.0245108843026
1.4171875000002,1.3107166657009,0.93137156089625,1.0245087169859
1.4173828125002,1.3105890005703,0.93136958780117,1.0245065465813
1.4175781250002,1.3104613215072,0.9313676119004,1.0245043730904
1.4177734375002,1.310333628597,0.93136563319538,1.0245021965149
1.4179687500002,1.3102059219251,0.93136365168761,1.0245000168564
1.4181640625002,1.310078201577,0.93136166737856,1.0244978341164
1.4183593750002,1.309950467638,0.9313596802697,1.0244956482967
1.4185546875002,1.3098227201933,0.9313576903625,1.0244934593987
1.4187500000002,1.309694959328,0.93135569765845,1.0244912674243
1.4189453125002,1.3095671851272,0.93135370215903,1.0244890723749
1.4191406250002,1.309439397676,0.93135170386571,1.0244868742523
1.4193359375002,1.3093115970593,0.93134970277999,1.024484673058
1.4195312500002,1.3091837833619,0.93134769890334,1.0244824687937
1.4197265625002,1.3090559566686,0.93134569223726,1.024480261461
1.4199218750002,1.3089281170642,0.93134368278322,1.0244780510615
1.4201171875002,1.3088002646333,0.93134167054272,1.024475837597
1.4203125000002,1.3086723994605,0.93133965551724,1.024473621069
1.4205078125002,1.3085445216303,0.93133763770829,1.0244714014791
1.4207031250002,1.308416631227,0.93133561711734,1.0244691788291
1.4208984375002,1.3082887283352,0.9313335937459,1.0244669531205
1.4210937500002,1.308160813039,0.93133156759545,1.024464724355
1.4212890625002,1.3080328854227,0.93132953866751,1.0244624925343
1.4214843750002,1.3079049455704,0.93132750696355,1.0244602576599
1.4216796875002,1.3077769935661,0.93132547248509,1.0244580197336
1.4218750000002,1.307649029494,0.93132343523363,1.024455778757
1.4220703125002,1.3075210534378,0.93132139521066,1.0244535347317
1.4222656250002,1.3073930654815,0.93131935241769,1.0244512876595
1.4224609375002,1.3072650657088,0.93131730685623,1.0244490375419
1.4226562500002,1.3071370542034,0.93131525852777,1.0244467843806
1.4228515625002,1.307009031049,0.93131320743384,1.0244445281772
1.4230468750002,1.3068809963291,0.93131115357594,1.0244422689335
1.4232421875002,1.3067529501272,0.93130909695557,1.0244400066511
1.4234375000002,1.3066248925266,0.93130703757425,1.0244377413317
1.4236328125002,1.3064968236109,0.9313049754335,1.0244354729769
1.4238281250002,1.3063687434631,0.93130291053483,1.0244332015883
1.4240234375002,1.3062406521665,0.93130084287975,1.0244309271677
1.4242187500002,1.3061125498043,0.93129877246978,1.0244286497168
1.4244140625002,1.3059844364594,0.93129669930644,1.0244263692371
1.4246093750002,1.3058563122149,0.93129462339124,1.0244240857304
1.4248046875002,1.3057281771536,0.93129254472572,1.0244217991983
1.4250000000002,1.3056000313583,0.9312904633114,1.0244195096425
1.4251953125002,1.3054718749119,0.93128837914979,1.0244172170648
1.4253906250002,1.3053437078969,0.93128629224242,1.0244149214667
1.4255859375002,1.3052155303961,0.93128420259082,1.0244126228499
1.4257812500002,1.3050873424919,0.93128211019652,1.0244103212162
1.4259765625002,1.3049591442669,0.93128001506105,1.0244080165672
1.4261718750002,1.3048309358032,0.93127791718593,1.0244057089045
1.4263671875002,1.3047027171834,0.9312758165727,1.02440339823
1.4265625000002,1.3045744884896,0.9312737132229,1.0244010845452
1.4267578125002,1.304446249804,0.93127160713805,1.0243987678519
1.4269531250002,1.3043180012087,0.9312694983197,1.0243964481517
1.4271484375002,1.3041897427857,0.93126738676937,1.0243941254463
1.4273437500002,1.3040614746169,0.93126527248862,1.0243917997375
1.4275390625002,1.3039331967843,0.93126315547898,1.0243894710269
1.4277343750002,1.3038049093696,0.93126103574199,1.0243871393162
1.4279296875002,1.3036766124545,0.93125891327919,1.0243848046071
1.4281250000002,1.3035483061208,0.93125678809213,1.0243824669013
1.4283203125002,1.3034199904499,0.93125466018236,1.0243801262006
1.4285156250002,1.3032916655234,0.93125252955142,1.0243777825066
1.4287109375002,1.3031633314227,0.93125039620085,1.0243754358209
1.4289062500002,1.3030349882292,0.93124826013221,1.0243730861454
1.4291015625002,1.3029066360241,0.93124612134705,1.0243707334818
1.4292968750002,1.3027782748887,0.93124397984693,1.0243683778316
1.4294921875002,1.3026499049041,0.93124183563338,1.0243660191967
1.4296875000002,1.3025215261514,0.93123968870798,1.0243636575788
1.4298828125002,1.3023931387114,0.93123753907227,1.0243612929795
1.4300781250002,1.3022647426653,0.93123538672781,1.0243589254006
1.4302734375002,1.3021363380937,0.93123323167616,1.0243565548438
1.4304687500002,1.3020079250775,0.93123107391889,1.0243541813108
1.4306640625002,1.3018795036974,0.93122891345755,1.0243518048033
1.4308593750002,1.3017510740339,0.9312267502937,1.0243494253231
1.4310546875002,1.3016226361677,0.93122458442891,1.0243470428718
1.4312500000002,1.3014941901791,0.93122241586474,1.0243446574512
1.4314453125002,1.3013657361486,0.93122024460277,1.024342269063
1.4316406250002,1.3012372741566,0.93121807064455,1.024339877709
1.4318359375002,1.3011088042831,0.93121589399167,1.0243374833908
1.4320312500002,1.3009803266085,0.93121371464568,1.0243350861102
1.4322265625002,1.3008518412129,0.93121153260816,1.024332685869
1.4324218750002,1.3007233481762,0.93120934788068,1.0243302826687
1.4326171875002,1.3005948475784,0.93120716046482,1.0243278765113
1.4328125000002,1.3004663394993,0.93120497036215,1.0243254673984
1.4330078125002,1.3003378240189,0.93120277757426,1.0243230553317
1.4332031250002,1.3002093012168,0.93120058210271,1.024320640313
1.4333984375002,1.3000807711726,0.93119838394909,1.024318222344
1.4335937500002,1.299952233966,0.93119618311498,1.0243158014265
1.4337890625002,1.2998236896765,0.93119397960196,1.0243133775622
1.4339843750002,1.2996951383834,0.93119177341162,1.0243109507528
1.4341796875002,1.2995665801662,0.93118956454553,1.0243085210001
1.4343750000002,1.2994380151041,0.93118735300529,1.0243060883058
1.4345703125002,1.2993094432764,0.93118513879248,1.0243036526717
1.4347656250002,1.2991808647621,0.9311829219087,1.0243012140996
1.4349609375002,1.2990522796404,0.93118070235552,1.0242987725911
1.4351562500002,1.2989236879902,0.93117848013455,1.024296328148
1.4353515625002,1.2987950898905,0.93117625524737,1.0242938807721
1.4355468750002,1.29866648542,0.93117402769558,1.0242914304651
1.4357421875002,1.2985378746575,0.93117179748077,1.0242889772289
1.4359375000002,1.2984092576818,0.93116956460455,1.024286521065
1.4361328125002,1.2982806345714,0.9311673290685,1.0242840619753
1.4363281250002,1.2981520054049,0.93116509087423,1.0242815999617
1.4365234375002,1.2980233702608,0.93116285002333,1.0242791350257
1.4367187500002,1.2978947292173,0.93116060651741,1.0242766671692
1.4369140625002,1.297766082353,0.93115836035808,1.0242741963939
1.4371093750002,1.2976374297459,0.93115611154693,1.0242717227016
1.4373046875002,1.2975087714743,0.93115386008556,1.0242692460941
1.4375000000002,1.2973801076162,0.9311516059756,1.0242667665732
1.4376953125002,1.2972514382497,0.93114934921863,1.0242642841405
1.4378906250002,1.2971227634528,0.93114708981629,1.0242617987979
1.4380859375002,1.2969940833032,0.93114482777016,1.0242593105472
1.4382812500002,1.2968653978788,0.93114256308187,1.0242568193901
1.4384765625002,1.2967367072573,0.93114029575302,1.0242543253283
1.4386718750002,1.2966080115163,0.93113802578524,1.0242518283638
1.4388671875002,1.2964793107335,0.93113575318014,1.0242493284982
1.4390625000002,1.2963506049862,0.93113347793933,1.0242468257333
1.4392578125002,1.296221894352,0.93113120006443,1.0242443200709
1.4394531250002,1.2960931789081,0.93112891955706,1.0242418115128
1.4396484375002,1.295964458732,0.93112663641884,1.0242393000607
1.4398437500002,1.2958357339006,0.93112435065139,1.0242367857165
1.4400390625002,1.2957070044912,0.93112206225634,1.024234268482
1.4402343750002,1.2955782705808,0.93111977123531,1.0242317483588
1.4404296875002,1.2954495322465,0.93111747758993,1.0242292253489
1.4406250000002,1.295320789565,0.93111518132181,1.024226699454
1.4408203125002,1.2951920426132,0.93111288243259,1.0242241706759
1.4410156250002,1.2950632914678,0.93111058092391,1.0242216390163
1.4412109375002,1.2949345362056,0.93110827679738,1.0242191044771
1.4414062500002,1.2948057769031,0.93110597005464,1.0242165670601
1.4416015625002,1.2946770136368,0.93110366069732,1.0242140267671
1.4417968750002,1.2945482464833,0.93110134872706,1.0242114835998
1.4419921875002,1.2944194755188,0.93109903414549,1.02420893756
1.4421875000002,1.2942907008197,0.93109671695425,1.0242063886497
1.4423828125002,1.2941619224622,0.93109439715497,1.0242038368705
1.4425781250002,1.2940331405224,0.9310920747493,1.0242012822242
1.4427734375002,1.2939043550764,0.93108974973888,1.0241987247128
1.4429687500002,1.2937755662002,0.93108742212534,1.0241961643379
1.4431640625002,1.2936467739698,0.93108509191033,1.0241936011014
1.4433593750002,1.2935179784609,0.9310827590955,1.024191035005
1.4435546875002,1.2933891797494,0.93108042368248,1.0241884660507
1.4437500000002,1.293260377911,0.93107808567293,1.0241858942402
1.4439453125002,1.2931315730212,0.93107574506848,1.0241833195753
1.4441406250002,1.2930027651557,0.9310734018708,1.0241807420579
1.4443359375002,1.2928739543898,0.93107105608153,1.0241781616897
1.4445312500002,1.2927451407991,0.93106870770232,1.0241755784726
1.4447265625002,1.2926163244588,0.93106635673483,1.0241729924083
1.4449218750002,1.2924875054441,0.9310640031807,1.0241704034988
1.4451171875002,1.2923586838303,0.93106164704159,1.0241678117458
1.4453125000002,1.2922298596924,0.93105928831916,1.0241652171511
1.4455078125002,1.2921010331055,0.93105692701507,1.0241626197166
1.4457031250002,1.2919722041445,0.93105456313097,1.0241600194441
1.4458984375002,1.2918433728843,0.93105219666853,1.0241574163354
1.4460937500002,1.2917145393996,0.93104982762939,1.0241548103923
1.4462890625002,1.2915857037653,0.93104745601524,1.0241522016168
1.4464843750002,1.2914568660559,0.93104508182772,1.0241495900105
1.4466796875002,1.291328026346,0.93104270506851,1.0241469755754
1.4468750000002,1.2911991847102,0.93104032573927,1.0241443583132
1.4470703125002,1.2910703412227,0.93103794384166,1.0241417382258
1.4472656250002,1.2909414959581,0.93103555937736,1.0241391153151
1.4474609375002,1.2908126489905,0.93103317234803,1.0241364895828
1.4476562500002,1.2906838003942,0.93103078275534,1.0241338610309
1.4478515625002,1.2905549502432,0.93102839060097,1.0241312296611
1.4480468750002,1.2904260986117,0.93102599588659,1.0241285954752
1.4482421875002,1.2902972455735,0.93102359861387,1.0241259584753
1.4484375000002,1.2901683912027,0.93102119878449,1.0241233186629
1.4486328125002,1.2900395355729,0.93101879640012,1.0241206760401
1.4488281250002,1.289910678758,0.93101639146244,1.0241180306087
1.4490234375002,1.2897818208315,0.93101398397313,1.0241153823704
1.4492187500002,1.2896529618672,0.93101157393386,1.0241127313273
1.4494140625002,1.2895241019386,0.93100916134633,1.024110077481
1.4496093750002,1.2893952411189,0.93100674621221,1.0241074208334
1.4498046875002,1.2892663794816,0.93100432853319,1.0241047613865
1.4500000000002,1.2891375171002,0.93100190831095,1.024102099142
1.4501953125002,1.2890086540477,0.93099948554717,1.0240994341019
1.4503906250002,1.2888797903972,0.93099706024355,1.0240967662679
1.4505859375002,1.2887509262219,0.93099463240177,1.0240940956419
1.4507812500002,1.2886220615948,0.93099220202351,1.0240914222259
1.4509765625002,1.2884931965887,0.93098976911048,1.0240887460215
1.4511718750002,1.2883643312765,0.93098733366436,1.0240860670308
1.4513671875002,1.288235465731,0.93098489568684,1.0240833852555
1.4515625000002,1.2881066000248,0.93098245517963,1.0240807006976
1.4517578125002,1.2879777342306,0.9309800121444,1.0240780133588
1.4519531250002,1.2878488684209,0.93097756658287,1.0240753232412
1.4521484375002,1.2877200026682,0.93097511849672,1.0240726303464
1.4523437500002,1.2875911370448,0.93097266788766,1.0240699346764
1.4525390625002,1.287462271623,0.93097021475738,1.0240672362331
1.4527343750002,1.2873334064752,0.93096775910759,1.0240645350183
1.4529296875002,1.2872045416735,0.93096530093999,1.024061831034
1.4531250000002,1.2870756772898,0.93096284025627,1.0240591242819
1.4533203125002,1.2869468133964,0.93096037705816,1.024056414764
1.4535156250002,1.286817950065,0.93095791134734,1.0240537024821
1.4537109375002,1.2866890873676,0.93095544312553,1.0240509874381
1.4539062500002,1.2865602253759,0.93095297239443,1.0240482696339
1.4541015625002,1.2864313641617,0.93095049915576,1.0240455490713
1.4542968750002,1.2863025037966,0.93094802341122,1.0240428257523
1.4544921875002,1.286173644352,0.93094554516252,1.0240400996788
1.4546875000002,1.2860447858996,0.93094306441138,1.0240373708525
1.4548828125002,1.2859159285108,0.93094058115951,1.0240346392755
1.4550781250002,1.2857870722567,0.93093809540863,1.0240319049495
1.4552734375002,1.2856582172088,0.93093560716044,1.0240291678765
1.4554687500002,1.2855293634382,0.93093311641667,1.0240264280583
1.4556640625002,1.285400511016,0.93093062317903,1.0240236854969
1.4558593750002,1.2852716600132,0.93092812744925,1.0240209401942
1.4560546875002,1.2851428105008,0.93092562922904,1.0240181921519
1.4562500000002,1.2850139625496,0.93092312852013,1.0240154413721
1.4564453125002,1.2848851162305,0.93092062532423,1.0240126878567
1.4566406250002,1.2847562716142,0.93091811964307,1.0240099316074
1.4568359375002,1.2846274287713,0.93091561147838,1.0240071726262
1.4570312500002,1.2844985877724,0.93091310083187,1.0240044109151
1.4572265625002,1.2843697486881,0.93091058770528,1.0240016464758
1.4574218750002,1.2842409115887,0.93090807210034,1.0239988793104
1.4576171875002,1.2841120765445,0.93090555401877,1.0239961094207
1.4578125000002,1.2839832436259,0.93090303346231,1.0239933368085
1.4580078125002,1.2838544129031,0.93090051043268,1.0239905614759
1.4582031250002,1.2837255844462,0.93089798493162,1.0239877834248
1.4583984375002,1.2835967583252,0.93089545696086,1.0239850026569
1.4585937500002,1.2834679346101,0.93089292652213,1.0239822191743
1.4587890625002,1.2833391133708,0.93089039361718,1.0239794329789
1.4589843750002,1.2832102946771,0.93088785824773,1.0239766440725
1.4591796875002,1.2830814785988,0.93088532041553,1.0239738524571
1.4593750000002,1.2829526652055,0.93088278012231,1.0239710581345
1.4595703125002,1.2828238545668,0.93088023736982,1.0239682611068
1.4597656250002,1.2826950467522,0.93087769215979,1.0239654613758
1.4599609375002,1.2825662418313,0.93087514449397,1.0239626589434
1.4601562500002,1.2824374398733,0.9308725943741,1.0239598538115
1.4603515625002,1.2823086409476,0.93087004180193,1.0239570459821
1.4605468750002,1.2821798451233,0.9308674867792,1.0239542354571
1.4607421875002,1.2820510524696,0.93086492930765,1.0239514222384
1.4609375000002,1.2819222630556,0.93086236938904,1.0239486063279
1.4611328125002,1.2817934769502,0.93085980702511,1.0239457877276
1.4613281250002,1.2816646942224,0.93085724221762,1.0239429664394
1.4615234375002,1.281535914941,0.93085467496831,1.0239401424651
1.4617187500002,1.2814071391748,0.93085210527893,1.0239373158068
1.4619140625002,1.2812783669924,0.93084953315125,1.0239344864664
1.4621093750002,1.2811495984625,0.93084695858701,1.0239316544457
1.4623046875002,1.2810208336537,0.93084438158796,1.0239288197468
1.4625000000002,1.2808920726342,0.93084180215587,1.0239259823715
1.4626953125002,1.2807633154727,0.93083922029249,1.0239231423217
1.4628906250002,1.2806345622372,0.93083663599958,1.0239202995995
1.4630859375002,1.2805058129962,0.9308340492789,1.0239174542068
1.4632812500002,1.2803770678177,0.93083146013221,1.0239146061454
1.4634765625002,1.2802483267699,0.93082886856127,1.0239117554174
1.4636718750002,1.2801195899207,0.93082627456784,1.0239089020246
1.4638671875002,1.2799908573381,0.9308236781537,1.0239060459691
1.4640625000002,1.2798621290899,0.93082107932059,1.0239031872526
1.4642578125002,1.2797334052439,0.93081847807029,1.0239003258773
1.4644531250002,1.2796046858678,0.93081587440456,1.023897461845
1.4646484375002,1.2794759710293,0.93081326832518,1.0238945951577
1.4648437500002,1.2793472607959,0.93081065983391,1.0238917258173
1.4650390625002,1.279218555235,0.93080804893252,1.0238888538258
1.4652343750002,1.2790898544141,0.93080543562278,1.0238859791851
1.4654296875002,1.2789611584006,0.93080281990646,1.0238831018971
1.4656250000002,1.2788324672615,0.93080020178535,1.0238802219639
1.4658203125002,1.2787037810642,0.9307975812612,1.0238773393873
1.4660156250002,1.2785750998758,0.9307949583358,1.0238744541694
1.4662109375002,1.2784464237632,0.93079233301092,1.023871566312
1.4664062500002,1.2783177527934,0.93078970528834,1.0238686758172
1.4666015625002,1.2781890870333,0.93078707516984,1.0238657826868
1.4667968750002,1.2780604265496,0.93078444265719,1.0238628869229
1.4669921875002,1.2779317714092,0.93078180775218,1.0238599885274
1.4671875000002,1.2778031216786,0.93077917045659,1.0238570875023
1.4673828125002,1.2776744774245,0.93077653077221,1.0238541838494
1.4675781250002,1.2775458387132,0.9307738887008,1.0238512775709
1.4677734375002,1.2774172056113,0.93077124424417,1.0238483686686
1.4679687500002,1.2772885781851,0.93076859740408,1.0238454571445
1.4681640625002,1.2771599565008,0.93076594818234,1.0238425430006
1.4683593750002,1.2770313406247,0.93076329658073,1.0238396262388
1.4685546875002,1.2769027306229,0.93076064260103,1.0238367068611
1.4687500000002,1.2767741265613,0.93075798624504,1.0238337848695
1.4689453125002,1.2766455285061,0.93075532751454,1.023830860266
1.4691406250002,1.276516936523,0.93075266641133,1.0238279330525
1.4693359375002,1.2763883506779,0.93075000293721,1.0238250032309
1.4695312500002,1.2762597710365,0.93074733709395,1.0238220708033
1.4697265625002,1.2761311976645,0.93074466888336,1.0238191357717
1.4699218750002,1.2760026306275,0.93074199830724,1.023816198138
1.4701171875002,1.275874069991,0.93073932536738,1.0238132579041
1.4703125000002,1.2757455158205,0.93073665006557,1.0238103150721
1.4705078125002,1.2756169681813,0.93073397240362,1.023807369644
1.4707031250002,1.2754884271386,0.93073129238333,1.0238044216217
1.4708984375002,1.2753598927578,0.93072861000649,1.0238014710071
1.4710937500002,1.2752313651039,0.93072592527491,1.0237985178024
1.4712890625002,1.275102844242,0.93072323819039,1.0237955620094
1.4714843750002,1.2749743302371,0.93072054875473,1.0237926036302
1.4716796875002,1.2748458231542,0.93071785696974,1.0237896426667
1.4718750000002,1.2747173230579,0.93071516283722,1.0237866791209
1.4720703125002,1.2745888300132,0.93071246635899,1.0237837129949
1.4722656250002,1.2744603440847,0.93070976753683,1.0237807442905
1.4724609375002,1.2743318653369,0.93070706637258,1.0237777730098
1.4726562500002,1.2742033938345,0.93070436286803,1.0237747991548
1.4728515625002,1.2740749296419,0.93070165702499,1.0237718227275
1.4730468750002,1.2739464728235,0.93069894884529,1.0237688437298
1.4732421875002,1.2738180234436,0.93069623833072,1.0237658621638
1.4734375000002,1.2736895815664,0.9306935254831,1.0237628780314
1.4736328125002,1.273561147256,0.93069081030424,1.0237598913347
1.4738281250002,1.2734327205767,0.93068809279597,1.0237569020756
1.4740234375002,1.2733043015923,0.9306853729601,1.0237539102561
1.4742187500002,1.2731758903668,0.93068265079844,1.0237509158783
1.4744140625002,1.2730474869641,0.93067992631281,1.0237479189441
1.4746093750002,1.2729190914479,0.93067719950504,1.0237449194555
1.4748046875002,1.2727907038819,0.93067447037693,1.0237419174146
1.4750000000002,1.2726623243299,0.93067173893032,1.0237389128234
1.4751953125002,1.2725339528552,0.93066900516702,1.0237359056837
1.4753906250002,1.2724055895215,0.93066626908886,1.0237328959978
1.4755859375002,1.2722772343921,0.93066353069766,1.0237298837674
1.4757812500002,1.2721488875304,0.93066078999525,1.0237268689948
1.4759765625002,1.2720205489995,0.93065804698345,1.0237238516818
1.4761718750002,1.2718922188628,0.93065530166408,1.0237208318305
1.4763671875002,1.2717638971832,0.93065255403899,1.0237178094429
1.4765625000002,1.2716355840239,0.93064980410998,1.023714784521
1.4767578125002,1.2715072794477,0.9306470518789,1.0237117570668
1.4769531250002,1.2713789835175,0.93064429734757,1.0237087270823
1.4771484375002,1.2712506962963,0.93064154051783,1.0237056945696
1.4773437500002,1.2711224178466,0.93063878139151,1.0237026595307
1.4775390625002,1.2709941482311,0.93063601997044,1.0236996219675
1.4777343750002,1.2708658875125,0.93063325625645,1.0236965818821
1.4779296875002,1.2707376357532,0.93063049025138,1.0236935392765
1.4781250000002,1.2706093930156,0.93062772195707,1.0236904941528
1.4783203125002,1.2704811593621,0.93062495137535,1.0236874465129
1.4785156250002,1.270352934855,0.93062217850806,1.0236843963589
1.4787109375002,1.2702247195564,0.93061940335704,1.0236813436927
1.4789062500002,1.2700965135286,0.93061662592413,1.0236782885165
1.4791015625002,1.2699683168335,0.93061384621117,1.0236752308323
1.4792968750002,1.2698401295331,0.93061106422,1.023672170642
1.4794921875002,1.2697119516894,0.93060827995247,1.0236691079477
1.4796875000002,1.2695837833642,0.93060549341041,1.0236660427515
1.4798828125002,1.2694556246191,0.93060270459567,1.0236629750552
1.4800781250002,1.2693274755159,0.9305999135101,1.0236599048611
1.4802734375002,1.2691993361163,0.93059712015555,1.0236568321711
1.4804687500002,1.2690712064816,0.93059432453385,1.0236537569872
1.4806640625002,1.2689430866734,0.93059152664686,1.0236506793115
1.4808593750002,1.2688149767531,0.93058872649643,1.0236475991461
1.4810546875002,1.2686868767819,0.9305859240844,1.0236445164928
1.4812500000002,1.2685587868211,0.93058311941263,1.0236414313539
1.4814453125002,1.2684307069318,0.93058031248296,1.0236383437313
1.4816406250002,1.2683026371751,0.93057750329726,1.023635253627
1.4818359375002,1.2681745776121,0.93057469185737,1.0236321610431
1.4820312500002,1.2680465283035,0.93057187816515,1.0236290659817
1.4822265625002,1.2679184893104,0.93056906222245,1.0236259684447
1.4824218750002,1.2677904606934,0.93056624403113,1.0236228684342
1.4826171875002,1.2676624425132,0.93056342359304,1.0236197659523
1.4828125000002,1.2675344348306,0.93056060091005,1.0236166610011
1.4830078125002,1.267406437706,0.93055777598401,1.0236135535824
1.4832031250002,1.2672784512,0.93055494881678,1.0236104436985
1.4833984375002,1.2671504753728,0.93055211941023,1.0236073313513
1.4835937500002,1.2670225102849,0.9305492877662,1.0236042165428
1.4837890625002,1.2668945559966,0.93054645388658,1.0236010992752
1.4839843750002,1.2667666125679,0.9305436177732,1.0235979795505
1.4841796875002,1.2666386800589,0.93054077942795,1.0235948573708
1.4843750000002,1.2665107585299,0.93053793885269,1.023591732738
1.4845703125002,1.2663828480406,0.93053509604928,1.0235886056542
1.4847656250002,1.2662549486509,0.93053225101959,1.0235854761215
1.4849609375002,1.2661270604207,0.93052940376548,1.023582344142
1.4851562500002,1.2659991834097,0.93052655428883,1.0235792097177
1.4853515625002,1.2658713176775,0.9305237025915,1.0235760728506
1.4855468750002,1.2657434632837,0.93052084867536,1.0235729335429
1.4857421875002,1.2656156202879,0.93051799254229,1.0235697917965
1.4859375000002,1.2654877887495,0.93051513419415,1.0235666476136
1.4861328125002,1.2653599687277,0.93051227363281,1.0235635009961
1.4863281250002,1.265232160282,0.93050941086016,1.0235603519462
1.4865234375002,1.2651043634714,0.93050654587807,1.0235572004659
1.4867187500002,1.2649765783552,0.9305036786884,1.0235540465572
1.4869140625002,1.2648488049924,0.93050080929304,1.0235508902223
1.4871093750002,1.264721043442,0.93049793769386,1.0235477314632
1.4873046875002,1.2645932937629,0.93049506389274,1.023544570282
1.4875000000002,1.2644655560139,0.93049218789156,1.0235414066807
1.4876953125002,1.2643378302538,0.9304893096922,1.0235382406614
1.4878906250002,1.2642101165412,0.93048642929653,1.0235350722262
1.4880859375002,1.2640824149349,0.93048354670644,1.0235319013771
1.4882812500002,1.2639547254932,0.93048066192382,1.0235287281162
1.4884765625002,1.2638270482748,0.93047777495053,1.0235255524456
1.4886718750002,1.2636993833379,0.93047488578847,1.0235223743673
1.4888671875002,1.2635717307408,0.93047199443952,1.0235191938835
1.4890625000002,1.2634440905419,0.93046910090556,1.0235160109961
1.4892578125002,1.2633164627994,0.93046620518849,1.0235128257073
1.4894531250002,1.2631888475711,0.93046330729018,1.0235096380192
1.4896484375002,1.2630612449152,0.93046040721252,1.0235064479338
1.4898437500002,1.2629336548897,0.93045750495741,1.0235032554532
1.4900390625002,1.2628060775524,0.93045460052673,1.0235000605794
1.4902343750002,1.262678512961,0.93045169392237,1.0234968633146
1.4904296875002,1.2625509611734,0.93044878514623,1.0234936636608
1.4906250000002,1.2624234222471,0.93044587420018,1.0234904616202
1.4908203125002,1.2622958962398,0.93044296108614,1.0234872571948
1.4910156250002,1.2621683832088,0.93044004580598,1.0234840503866
1.4912109375002,1.2620408832118,0.93043712836161,1.0234808411978
1.4914062500002,1.2619133963058,0.93043420875491,1.0234776296304
1.4916015625002,1.2617859225484,0.93043128698779,1.0234744156866
1.4917968750002,1.2616584619966,0.93042836306213,1.0234711993683
1.4919921875002,1.2615310147076,0.93042543697985,1.0234679806778
1.4921875000002,1.2614035807384,0.93042250874282,1.0234647596171
1.4923828125002,1.261276160146,0.93041957835297,1.0234615361883
1.4925781250002,1.2611487529874,0.93041664581217,1.0234583103934
1.4927734375002,1.2610213593192,0.93041371112234,1.0234550822346
1.4929687500002,1.2608939791984,0.93041077428537,1.0234518517139
1.4931640625002,1.2607666126815,0.93040783530316,1.0234486188335
1.4933593750002,1.2606392598252,0.93040489417762,1.0234453835954
1.4935546875002,1.260511920686,0.93040195091066,1.0234421460017
1.4937500000002,1.2603845953204,0.93039900550417,1.0234389060546
1.4939453125002,1.2602572837847,0.93039605796006,1.0234356637561
1.4941406250002,1.2601299861353,0.93039310828024,1.0234324191083
1.4943359375002,1.2600027024284,0.93039015646661,1.0234291721133
1.4945312500002,1.2598754327201,0.93038720252108,1.0234259227732
1.4947265625002,1.2597481770666,0.93038424644556,1.0234226710901
1.4949218750002,1.2596209355238,0.93038128824196,1.0234194170662
1.4951171875002,1.2594937081477,0.93037832791218,1.0234161607034
1.4953125000002,1.2593664949942,0.93037536545814,1.023412902004
1.4955078125002,1.259239296119,0.93037240088174,1.0234096409699
1.4957031250002,1.2591121115779,0.93036943418491,1.0234063776034
1.4958984375002,1.2589849414265,0.93036646536955,1.0234031119065
1.4960937500002,1.2588577857204,0.93036349443757,1.0233998438813
1.4962890625002,1.2587306445151,0.93036052139089,1.02339657353
1.4964843750002,1.258603517866,0.93035754623143,1.0233933008546
1.4966796875002,1.2584764058285,0.93035456896109,1.0233900258572
1.4968750000002,1.2583493084578,0.9303515895818,1.02338674854
1.4970703125002,1.2582222258091,0.93034860809548,1.023383468905
1.4972656250002,1.2580951579376,0.93034562450403,1.0233801869544
1.4974609375002,1.2579681048983,0.93034263880939,1.0233769026903
1.4976562500002,1.2578410667462,0.93033965101346,1.0233736161148
1.4978515625002,1.2577140435362,0.93033666111818,1.02337032723
1.4980468750002,1.2575870353231,0.93033366912545,1.023367036038
1.4982421875002,1.2574600421618,0.9303306750372,1.0233637425409
1.4984375000002,1.2573330641068,0.93032767885535,1.0233604467409
1.4986328125002,1.2572061012128,0.93032468058184,1.02335714864
1.4988281250002,1.2570791535344,0.93032168021857,1.0233538482404
1.4990234375002,1.256952221126,0.93031867776747,1.0233505455442
1.4992187500002,1.256825304042,0.93031567323047,1.0233472405535
1.4994140625002,1.2566984023367,0.9303126666095,1.0233439332705
1.4996093750002,1.2565715160643,0.93030965790648,1.0233406236971
1.4998046875002,1.2564446452791,0.93030664712334,1.0233373118357
1.5000000000002,1.2563177900351,0.93030363426201,1.0233339976882
1.5001953125002,1.2561909503864,0.93030061932441,1.0233306812568
1.5003906250002,1.2560641263869,0.93029760231247,1.0233273625437
1.5005859375002,1.2559373180905,0.93029458322813,1.0233240415509
1.5007812500002,1.255810525551,0.93029156207332,1.0233207182806
1.5009765625002,1.2556837488221,0.93028853884996,1.023317392735
1.5011718750002,1.2555569879575,0.93028551355999,1.023314064916
1.5013671875002,1.2554302430107,0.93028248620535,1.0233107348259
1.5015625000002,1.2553035140354,0.93027945678796,1.0233074024668
1.5017578125002,1.2551768010849,0.93027642530976,1.0233040678407
1.5019531250002,1.2550501042125,0.93027339177268,1.0233007309499
1.5021484375002,1.2549234234717,0.93027035617867,1.0232973917965
1.5023437500002,1.2547967589155,0.93026731852965,1.0232940503826
1.5025390625002,1.2546701105973,0.93026427882757,1.0232907067103
1.5027343750002,1.2545434785699,0.93026123707435,1.0232873607818
1.5029296875002,1.2544168628864,0.93025819327195,1.0232840125991
1.5031250000002,1.2542902635998,0.9302551474223,1.0232806621645
1.5033203125002,1.254163680763,0.93025209952734,1.0232773094801
1.5035156250002,1.2540371144286,0.93024904958901,1.0232739545479
1.5037109375002,1.2539105646494,0.93024599760924,1.0232705973702
1.5039062500002,1.253784031478,0.93024294359,1.023267237949
1.5041015625002,1.253657514967,0.9302398875332,1.0232638762865
1.5042968750002,1.2535310151689,0.93023682944081,1.0232605123849
1.5044921875002,1.2534045321361,0.93023376931475,1.0232571462462
1.5046875000002,1.253278065921,0.93023070715699,1.0232537778727
1.5048828125002,1.2531516165757,0.93022764296945,1.0232504072664
1.5050781250002,1.2530251841526,0.9302245767541,1.0232470344295
1.5052734375002,1.2528987687037,0.93022150851286,1.0232436593642
1.5054687500002,1.2527723702812,0.9302184382477,1.0232402820725
1.5056640625002,1.2526459889369,0.93021536596056,1.0232369025566
1.5058593750002,1.2525196247227,0.93021229165339,1.0232335208187
1.5060546875002,1.2523932776906,0.93020921532813,1.0232301368609
1.5062500000002,1.2522669478923,0.93020613698674,1.0232267506854
1.5064453125002,1.2521406353794,0.93020305663116,1.0232233622943
1.5066406250002,1.2520143402036,0.93019997426336,1.0232199716897
1.5068359375002,1.2518880624164,0.93019688988527,1.0232165788738
1.5070312500002,1.2517618020693,0.93019380349886,1.0232131838487
1.5072265625002,1.2516355592137,0.93019071510607,1.0232097866167
1.5074218750002,1.251509333901,0.93018762470885,1.0232063871797
1.5076171875002,1.2513831261823,0.93018453230918,1.0232029855401
1.5078125000002,1.2512569361089,0.93018143790899,1.0231995816999
1.5080078125002,1.2511307637318,0.93017834151024,1.0231961756613
1.5082031250002,1.2510046091022,0.93017524311489,1.0231927674264
1.5083984375002,1.2508784722709,0.9301721427249,1.0231893569974
1.5085937500002,1.2507523532888,0.93016904034222,1.0231859443764
1.5087890625002,1.2506262522069,0.93016593596882,1.0231825295657
1.5089843750002,1.2505001690757,0.93016282960664,1.0231791125673
1.5091796875002,1.2503741039461,0.93015972125765,1.0231756933834
1.5093750000002,1.2502480568686,0.93015661092382,1.0231722720162
1.5095703125002,1.2501220278936,0.93015349860709,1.0231688484678
1.5097656250002,1.2499960170718,0.93015038430943,1.0231654227404
1.5099609375002,1.2498700244535,0.93014726803281,1.0231619948361
1.5101562500002,1.2497440500889,0.93014414977918,1.0231585647571
1.5103515625002,1.2496180940284,0.93014102955051,1.0231551325056
1.5105468750002,1.2494921563221,0.93013790734876,1.0231516980836
1.5107421875002,1.24936623702,0.9301347831759,1.0231482614935
1.5109375000002,1.2492403361723,0.93013165703389,1.0231448227373
1.5111328125002,1.2491144538289,0.93012852892469,1.0231413818172
1.5113281250002,1.2489885900396,0.93012539885028,1.0231379387353
1.5115234375002,1.2488627448542,0.93012226681261,1.0231344934939
1.5117187500002,1.2487369183226,0.93011913281366,1.023131046095
1.5119140625002,1.2486111104943,0.93011599685539,1.0231275965409
1.5121093750002,1.248485321419,0.93011285893978,1.0231241448338
1.5123046875002,1.2483595511461,0.93010971906878,1.0231206909757
1.5125000000002,1.2482337997252,0.93010657724438,1.0231172349688
1.5126953125002,1.2481080672056,0.93010343346853,1.0231137768154
1.5128906250002,1.2479823536366,0.93010028774322,1.0231103165175
1.5130859375002,1.2478566590675,0.93009714007041,1.0231068540774
1.5132812500002,1.2477309835473,0.93009399045207,1.0231033894973
1.5134765625002,1.2476053271253,0.93009083889018,1.0230999227792
1.5136718750002,1.2474796898503,0.9300876853867,1.0230964539254
1.5138671875002,1.2473540717714,0.93008452994362,1.023092982938
1.5140625000002,1.2472284729375,0.93008137256291,1.0230895098192
1.5142578125002,1.2471028933973,0.93007821324654,1.0230860345712
1.5144531250002,1.2469773331995,0.93007505199648,1.0230825571961
1.5146484375002,1.2468517923929,0.93007188881472,1.0230790776962
1.5148437500002,1.2467262710259,0.93006872370323,1.0230755960736
1.5150390625002,1.2466007691474,0.93006555666398,1.0230721123304
1.5152343750002,1.2464752868053,0.93006238769896,1.0230686264689
1.5154296875002,1.2463498240483,0.93005921681014,1.0230651384911
1.5156250000002,1.2462243809248,0.93005604399949,1.0230616483994
1.5158203125002,1.246098957483,0.93005286926901,1.0230581561959
1.5160156250002,1.2459735537708,0.93004969262066,1.0230546618827
1.5162109375002,1.2458481698363,0.93004651405644,1.0230511654621
1.5164062500002,1.2457228057276,0.93004333357831,1.0230476669361
1.5166015625002,1.2455974614931,0.93004015118827,1.0230441663071
1.5167968750002,1.2454721371801,0.93003696688829,1.0230406635771
1.5169921875002,1.2453468328364,0.93003378068035,1.0230371587484
1.5171875000002,1.2452215485102,0.93003059256644,1.0230336518231
1.5173828125002,1.2450962842485,0.93002740254855,1.0230301428034
1.5175781250002,1.2449710400997,0.93002421062865,1.0230266316915
1.5177734375002,1.2448458161107,0.93002101680873,1.0230231184896
1.5179687500002,1.244720612329,0.93001782109077,1.0230196031998
1.5181640625002,1.2445954288022,0.93001462347677,1.0230160858244
1.5183593750002,1.2444702655776,0.9300114239687,1.0230125663656
1.5185546875002,1.2443451227022,0.93000822256856,1.0230090448254
1.5187500000002,1.2442200002234,0.93000501927833,1.0230055212062
1.5189453125002,1.2440948981882,0.93000181409999,1.02300199551
1.5191406250002,1.2439698166436,0.92999860703555,1.0229984677391
1.5193359375002,1.2438447556366,0.92999539808697,1.0229949378957
1.5195312500002,1.2437197152141,0.92999218725627,1.0229914059819
1.5197265625002,1.2435946954228,0.92998897454541,1.022987872
1.5199218750002,1.2434696963095,0.92998575995641,1.022984335952
1.5201171875002,1.2433447179209,0.92998254349123,1.0229807978404
1.5203125000002,1.2432197603035,0.92997932515189,1.0229772576671
1.5205078125002,1.2430948235039,0.92997610494036,1.0229737154344
1.5207031250002,1.2429699075686,0.92997288285864,1.0229701711445
1.5208984375002,1.242845012544,0.92996965890873,1.0229666247996
1.5210937500002,1.2427201384762,0.92996643309261,1.0229630764019
1.5212890625002,1.2425952854117,0.92996320541228,1.0229595259535
1.5214843750002,1.2424704533965,0.92995997586974,1.0229559734567
1.5216796875002,1.2423456424768,0.92995674446697,1.0229524189137
1.5218750000002,1.2422208526986,0.92995351120598,1.0229488623266
1.5220703125002,1.2420960841078,0.92995027608876,1.0229453036976
1.5222656250002,1.2419713367504,0.92994703911731,1.022941743029
1.5224609375002,1.2418466106722,0.92994380029362,1.022938180323
1.5226562500002,1.2417219059189,0.92994055961969,1.0229346155817
1.5228515625002,1.2415972225361,0.92993731709751,1.0229310488073
1.5230468750002,1.2414725605696,0.92993407272909,1.022927480002
1.5232421875002,1.2413479200649,0.92993082651643,1.0229239091681
1.5234375000002,1.2412233010673,0.92992757846152,1.0229203363077
1.5236328125002,1.2410987036224,0.92992432856636,1.022916761423
1.5238281250002,1.2409741277754,0.92992107683295,1.0229131845162
1.5240234375002,1.2408495735716,0.9299178232633,1.0229096055896
1.5242187500002,1.2407250410562,0.9299145678594,1.0229060246453
1.5244140625002,1.2406005302742,0.92991131062325,1.0229024416856
1.5246093750002,1.2404760412709,0.92990805155686,1.0228988567125
1.5248046875002,1.2403515740911,0.92990479066223,1.0228952697285
1.5250000000002,1.2402271287797,0.92990152794136,1.0228916807355
1.5251953125002,1.2401027053816,0.92989826339626,1.0228880897359
1.5253906250002,1.2399783039415,0.92989499702892,1.0228844967318
1.5255859375002,1.2398539245042,0.92989172884136,1.0228809017255
1.5257812500002,1.2397295671142,0.92988845883558,1.0228773047191
1.5259765625002,1.2396052318162,0.92988518701357,1.0228737057149
1.5261718750002,1.2394809186546,0.92988191337735,1.0228701047151
1.5263671875002,1.2393566276738,0.92987863792893,1.0228665017218
1.5265625000002,1.2392323589182,0.92987536067031,1.0228628967373
1.5267578125002,1.2391081124321,0.92987208160349,1.0228592897638
1.5269531250002,1.2389838882596,0.92986880073048,1.0228556808035
1.5271484375002,1.238859686445,0.9298655180533,1.0228520698586
1.5273437500002,1.2387355070322,0.92986223357394,1.0228484569313
1.5275390625002,1.2386113500653,0.92985894729442,1.0228448420239
1.5277343750002,1.2384872155882,0.92985565921674,1.0228412251384
1.5279296875002,1.2383631036448,0.92985236934293,1.0228376062772
1.5281250000002,1.2382390142788,0.92984907767497,1.0228339854425
1.5283203125002,1.238114947534,0.92984578421489,1.0228303626364
1.5285156250002,1.2379909034541,0.9298424889647,1.0228267378612
1.5287109375002,1.2378668820825,0.9298391919264,1.022823111119
1.5289062500002,1.2377428834629,0.92983589310201,1.0228194824122
1.5291015625002,1.2376189076387,0.92983259249353,1.0228158517429
1.5292968750002,1.2374949546532,0.92982929010299,1.0228122191133
1.5294921875002,1.2373710245498,0.92982598593239,1.0228085845256
1.5296875000002,1.2372471173717,0.92982267998375,1.0228049479821
1.5298828125002,1.2371232331621,0.92981937225908,1.022801309485
1.5300781250002,1.236999371964,0.92981606276039,1.0227976690364
1.5302734375002,1.2368755338205,0.92981275148971,1.0227940266387
1.5304687500002,1.2367517187745,0.92980943844903,1.0227903822939
1.5306640625002,1.236627926869,0.92980612364038,1.0227867360044
1.5308593750002,1.2365041581467,0.92980280706577,1.0227830877723
1.5310546875002,1.2363804126505,0.92979948872722,1.0227794375999
1.5312500000002,1.2362566904229,0.92979616862675,1.0227757854894
1.5314453125002,1.2361329915067,0.92979284676637,1.022772131443
1.5316406250002,1.2360093159443,0.92978952314809,1.0227684754629
1.5318359375002,1.2358856637782,0.92978619777394,1.0227648175513
1.5320312500002,1.2357620350509,0.92978287064593,1.0227611577105
1.5322265625002,1.2356384298047,0.92977954176609,1.0227574959427
1.5324218750002,1.2355148480818,0.92977621113642,1.0227538322501
1.5326171875002,1.2353912899244,0.92977287875895,1.0227501666348
1.5328125000002,1.2352677553748,0.9297695446357,1.0227464990993
1.5330078125002,1.2351442444749,0.92976620876868,1.0227428296455
1.5332031250002,1.2350207572667,0.92976287115992,1.0227391582759
1.5333984375002,1.2348972937922,0.92975953181143,1.0227354849926
1.5335937500002,1.2347738540933,0.92975619072525,1.0227318097978
1.5337890625002,1.2346504382116,0.92975284790338,1.0227281326937
1.5339843750002,1.234527046189,0.92974950334785,1.0227244536826
1.5341796875002,1.2344036780671,0.92974615706068,1.0227207727667
1.5343750000002,1.2342803338875,0.92974280904389,1.0227170899483
1.5345703125002,1.2341570136916,0.92973945929951,1.0227134052295
1.5347656250002,1.234033717521,0.92973610782955,1.0227097186125
1.5349609375002,1.2339104454171,0.92973275463605,1.0227060300997
1.5351562500002,1.233787197421,0.92972939972102,1.0227023396931
1.5353515625002,1.2336639735741,0.92972604308649,1.0226986473951
1.5355468750002,1.2335407739176,0.92972268473448,1.0226949532079
1.5357421875002,1.2334175984925,0.92971932466701,1.0226912571337
1.5359375000002,1.2332944473399,0.92971596288612,1.0226875591747
1.5361328125002,1.2331713205008,0.92971259939383,1.0226838593332
1.5363281250002,1.233048218016,0.92970923419215,1.0226801576114
1.5365234375002,1.2329251399265,0.92970586728312,1.0226764540114
1.5367187500002,1.2328020862728,0.92970249866877,1.0226727485356
1.5369140625002,1.2326790570959,0.92969912835112,1.0226690411862
1.5371093750002,1.2325560524362,0.92969575633219,1.0226653319654
1.5373046875002,1.2324330723344,0.92969238261401,1.0226616208754
1.5375000000002,1.2323101168309,0.92968900719862,1.0226579079185
1.5376953125002,1.2321871859662,0.92968563008803,1.0226541930968
1.5378906250002,1.2320642797806,0.92968225128428,1.0226504764127
1.5380859375002,1.2319413983145,0.9296788707894,1.0226467578683
1.5382812500002,1.2318185416079,0.92967548860541,1.0226430374659
1.5384765625002,1.2316957097012,0.92967210473434,1.0226393152078
1.5386718750002,1.2315729026344,0.92966871917822,1.022635591096
1.5388671875002,1.2314501204474,0.92966533193908,1.022631865133
1.5390625000002,1.2313273631803,0.92966194301896,1.0226281373209
1.5392578125002,1.231204630873,0.92965855241987,1.0226244076619
1.5394531250002,1.2310819235652,0.92965516014386,1.0226206761582
1.5396484375002,1.2309592412967,0.92965176619295,1.0226169428122
1.5398437500002,1.2308365841072,0.92964837056917,1.0226132076261
1.5400390625002,1.2307139520362,0.92964497327456,1.022609470602
1.5402343750002,1.2305913451235,0.92964157431114,1.0226057317422
1.5404296875002,1.2304687634083,0.92963817368095,1.022601991049
1.5406250000002,1.2303462069302,0.92963477138601,1.0225982485246
1.5408203125002,1.2302236757285,0.92963136742838,1.0225945041712
1.5410156250002,1.2301011698424,0.92962796181006,1.0225907579911
1.5412109375002,1.2299786893112,0.92962455453311,1.0225870099864
1.5414062500002,1.2298562341741,0.92962114559954,1.0225832601595
1.5416015625002,1.22973380447,0.9296177350114,1.0225795085125
1.5417968750002,1.229611400238,0.92961432277072,1.0225757550478
1.5419921875002,1.229489021517,0.92961090887954,1.0225719997675
1.5421875000002,1.229366668346,0.92960749333988,1.0225682426739
1.5423828125002,1.2292443407637,0.92960407615378,1.0225644837692
1.5425781250002,1.2291220388089,0.92960065732328,1.0225607230556
1.5427734375002,1.2289997625202,0.92959723685041,1.0225569605354
1.5429687500002,1.2288775119362,0.92959381473721,1.0225531962109
1.5431640625002,1.2287552870955,0.92959039098571,1.0225494300843
1.5433593750002,1.2286330880366,0.92958696559795,1.0225456621577
1.5435546875002,1.2285109147979,0.92958353857596,1.0225418924336
1.5437500000002,1.2283887674177,0.92958010992179,1.022538120914
1.5439453125002,1.2282666459342,0.92957667963746,1.0225343476012
1.5441406250002,1.2281445503858,0.92957324772502,1.0225305724975
1.5443359375002,1.2280224808104,0.92956981418651,1.0225267956052
1.5445312500002,1.2279004372463,0.92956637902395,1.0225230169263
1.5447265625002,1.2277784197314,0.92956294223939,1.0225192364633
1.5449218750002,1.2276564283036,0.92955950383486,1.0225154542183
1.5451171875002,1.2275344630009,0.92955606381241,1.0225116701937
1.5453125000002,1.227412523861,0.92955262217407,1.0225078843915
1.5455078125002,1.2272906109216,0.92954917892188,1.0225040968141
1.5457031250002,1.2271687242205,0.92954573405789,1.0225003074637
1.5458984375002,1.2270468637953,0.92954228758412,1.0224965163425
1.5460937500002,1.2269250296834,0.92953883950261,1.0224927234529
1.5462890625002,1.2268032219224,0.92953538981542,1.022488928797
1.5464843750002,1.2266814405497,0.92953193852457,1.022485132377
1.5466796875002,1.2265596856027,0.92952848563211,1.0224813341953
1.5468750000002,1.2264379571185,0.92952503114007,1.0224775342541
1.5470703125002,1.2263162551344,0.9295215750505,1.0224737325556
1.5472656250002,1.2261945796876,0.92951811736544,1.022469929102
1.5474609375002,1.2260729308152,0.92951465808694,1.0224661238956
1.5476562500002,1.2259513085541,0.92951119721702,1.0224623169387
1.5478515625002,1.2258297129413,0.92950773475773,1.0224585082335
1.5480468750002,1.2257081440137,0.92950427071111,1.0224546977822
1.5482421875002,1.225586601808,0.92950080507921,1.0224508855871
1.5484375000002,1.2254650863612,0.92949733786406,1.0224470716505
1.5486328125002,1.2253435977097,0.92949386906772,1.0224432559745
1.5488281250002,1.2252221358903,0.92949039869221,1.0224394385614
1.5490234375002,1.2251007009396,0.92948692673959,1.0224356194135
1.5492187500002,1.2249792928938,0.92948345321189,1.0224317985331
1.5494140625002,1.2248579117897,0.92947997811116,1.0224279759223
1.5496093750002,1.2247365576633,0.92947650143944,1.0224241515834
1.5498046875002,1.2246152305512,0.92947302319877,1.0224203255187
1.5500000000002,1.2244939304894,0.92946954339121,1.0224164977303
1.5501953125002,1.2243726575141,0.92946606201878,1.0224126682207
1.5503906250002,1.2242514116615,0.92946257908354,1.0224088369919
1.5505859375002,1.2241301929675,0.92945909458753,1.0224050040463
1.5507812500002,1.2240090014682,0.9294556085328,1.0224011693861
1.5509765625002,1.2238878371994,0.92945212092137,1.0223973330135
1.5511718750002,1.2237667001969,0.92944863175532,1.0223934949308
1.5513671875002,1.2236455904966,0.92944514103667,1.0223896551403
1.5515625000002,1.223524508134,0.92944164876747,1.0223858136442
1.5517578125002,1.223403453145,0.92943815494976,1.0223819704447
1.5519531250002,1.2232824255649,0.9294346595856,1.0223781255442
1.5521484375002,1.2231614254294,0.92943116267702,1.0223742789447
1.5523437500002,1.2230404527739,0.92942766422608,1.0223704306487
1.5525390625002,1.2229195076338,0.92942416423481,1.0223665806583
1.5527343750002,1.2227985900443,0.92942066270527,1.0223627289758
1.5529296875002,1.2226777000407,0.92941715963949,1.0223588756034
1.5531250000002,1.2225568376582,0.92941365503954,1.0223550205435
1.5533203125002,1.2224360029319,0.92941014890744,1.0223511637982
1.5535156250002,1.2223151958969,0.92940664124525,1.0223473053698
1.5537109375002,1.2221944165881,0.92940313205501,1.0223434452605
1.5539062500002,1.2220736650405,0.92939962133878,1.0223395834727
1.5541015625002,1.2219529412889,0.92939610909859,1.0223357200084
1.5542968750002,1.2218322453682,0.9293925953365,1.0223318548701
1.5544921875002,1.221711577313,0.92938908005455,1.02232798806
1.5546875000002,1.221590937158,0.92938556325478,1.0223241195803
1.5548828125002,1.2214703249378,0.92938204493926,1.0223202494332
1.5550781250002,1.221349740687,0.92937852511001,1.022316377621
1.5552734375002,1.22122918444,0.9293750037691,1.022312504146
1.5554687500002,1.2211086562312,0.92937148091857,1.0223086290104
1.5556640625002,1.220988156095,0.92936795656046,1.0223047522165
1.5558593750002,1.2208676840656,0.92936443069682,1.0223008737665
1.5560546875002,1.2207472401773,0.92936090332971,1.0222969936627
1.5562500000002,1.2206268244642,0.92935737446117,1.0222931119073
1.5564453125002,1.2205064369604,0.92935384409325,1.0222892285026
1.5566406250002,1.2203860776999,0.92935031222799,1.0222853434508
1.5568359375002,1.2202657467167,0.92934677886745,1.0222814567542
1.5570312500002,1.2201454440446,0.92934324401368,1.022277568415
1.5572265625002,1.2200251697175,0.92933970766872,1.0222736784356
1.5574218750002,1.2199049237692,0.92933616983462,1.0222697868181
1.5576171875002,1.2197847062333,0.92933263051343,1.0222658935648
1.5578125000002,1.2196645171435,0.9293290897072,1.0222619986779
1.5580078125002,1.2195443565333,0.92932554741797,1.0222581021598
1.5582031250002,1.2194242244363,0.92932200364781,1.0222542040126
1.5583984375002,1.219304120886,0.92931845839875,1.0222503042386
1.5585937500002,1.2191840459156,0.92931491167285,1.0222464028401
1.5587890625002,1.2190639995585,0.92931136347216,1.0222424998194
1.5589843750002,1.2189439818481,0.92930781379872,1.0222385951786
1.5591796875002,1.2188239928173,0.92930426265458,1.02223468892
1.5593750000002,1.2187040324994,0.92930071004181,1.022230781046
1.5595703125002,1.2185841009275,0.92929715596243,1.0222268715587
1.5597656250002,1.2184641981345,0.92929360041851,1.0222229604604
1.5599609375002,1.2183443241534,0.9292900434121,1.0222190477533
1.5601562500002,1.2182244790171,0.92928648494524,1.0222151334398
1.5603515625002,1.2181046627583,0.92928292501998,1.022211217522
1.5605468750002,1.2179848754098,0.92927936363838,1.0222073000022
1.5607421875002,1.2178651170043,0.92927580080249,1.0222033808827
1.5609375000002,1.2177453875745,0.92927223651435,1.0221994601658
1.5611328125002,1.2176256871527,0.92926867077601,1.0221955378536
1.5613281250002,1.2175060157717,0.92926510358953,1.0221916139485
1.5615234375002,1.2173863734637,0.92926153495696,1.0221876884527
1.5617187500002,1.2172667602611,0.92925796488035,1.0221837613684
1.5619140625002,1.2171471761963,0.92925439336174,1.0221798326979
1.5621093750002,1.2170276213016,0.9292508204032,1.0221759024435
1.5623046875002,1.2169080956089,0.92924724600676,1.0221719706074
1.5625000000002,1.2167885991506,0.92924367017448,1.0221680371919
1.5626953125002,1.2166691319586,0.92924009290842,1.0221641021993
1.5628906250002,1.2165496940649,0.92923651421061,1.0221601656317
1.5630859375002,1.2164302855015,0.92923293408312,1.0221562274914
1.5632812500002,1.2163109063002,0.92922935252799,1.0221522877808
1.5634765625002,1.2161915564928,0.92922576954728,1.022148346502
1.5636718750002,1.216072236111,0.92922218514303,1.0221444036573
1.5638671875002,1.2159529451866,0.9292185993173,1.022140459249
1.5640625000002,1.2158336837512,0.92921501207213,1.0221365132793
1.5642578125002,1.2157144518362,0.92921142340959,1.0221325657505
1.5644531250002,1.2155952494731,0.92920783333171,1.0221286166649
1.5646484375002,1.2154760766935,0.92920424184056,1.0221246660246
1.5648437500002,1.2153569335287,0.92920064893818,1.022120713832
1.5650390625002,1.2152378200099,0.92919705462662,1.0221167600893
1.5652343750002,1.2151187361684,0.92919345890794,1.0221128047987
1.5654296875002,1.2149996820354,0.92918986178418,1.0221088479626
1.5656250000002,1.2148806576419,0.9291862632574,1.0221048895831
1.5658203125002,1.2147616630192,0.92918266332965,1.0221009296626
1.5660156250002,1.214642698198,0.92917906200298,1.0220969682033
1.5662109375002,1.2145237632094,0.92917545927944,1.0220930052074
1.5664062500002,1.2144048580842,0.92917185516109,1.0220890406772
1.5666015625002,1.2142859828533,0.92916824964996,1.022085074615
1.5667968750002,1.2141671375473,0.92916464274813,1.0220811070229
1.5669921875002,1.2140483221969,0.92916103445762,1.0220771379034
1.5671875000002,1.2139295368328,0.92915742478051,1.0220731672586
1.5673828125002,1.2138107814855,0.92915381371884,1.0220691950907
1.5675781250002,1.2136920561855,0.92915020127465,1.0220652214021
1.5677734375002,1.2135733609633,0.92914658745001,1.022061246195
1.5679687500002,1.2134546958491,0.92914297224696,1.0220572694717
1.5681640625002,1.2133360608734,0.92913935566756,1.0220532912343
1.5683593750002,1.2132174560663,0.92913573771385,1.0220493114852
1.5685546875002,1.2130988814581,0.92913211838789,1.0220453302267
1.5687500000002,1.2129803370788,0.92912849769173,1.0220413474609
1.5689453125002,1.2128618229585,0.92912487562741,1.0220373631902
1.5691406250002,1.2127433391273,0.929121252197,1.0220333774167
1.5693359375002,1.212624885615,0.92911762740254,1.0220293901428
1.5695312500002,1.2125064624516,0.92911400124608,1.0220254013707
1.5697265625002,1.2123880696669,0.92911037372967,1.0220214111026
1.5699218750002,1.2122697072905,0.92910674485537,1.0220174193409
1.5701171875002,1.2121513753523,0.92910311462523,1.0220134260878
1.5703125000002,1.2120330738817,0.92909948304129,1.0220094313454
1.5705078125002,1.2119148029085,0.92909585010562,1.0220054351162
1.5707031250002,1.2117965624621,0.92909221582025,1.0220014374023
1.5708984375002,1.211678352572,0.92908858018724,1.021997438206
1.5710937500002,1.2115601732675,0.92908494320864,1.0219934375295
1.5712890625002,1.211442024578,0.9290813048865,1.0219894353752
1.5714843750002,1.2113239065327,0.92907766522288,1.0219854317452
1.5716796875002,1.2112058191608,0.92907402421982,1.0219814266418
1.5718750000002,1.2110877624916,0.92907038187937,1.0219774200673
1.5720703125002,1.210969736554,0.92906673820359,1.021973412024
1.5722656250002,1.2108517413771,0.92906309319452,1.021969402514
1.5724609375002,1.2107337769899,0.92905944685422,1.0219653915396
1.5726562500002,1.2106158434212,0.92905579918474,1.0219613791032
1.5728515625002,1.2104979406999,0.92905215018812,1.0219573652069
1.5730468750002,1.2103800688547,0.92904849986642,1.0219533498531
1.5732421875002,1.2102622279145,0.92904484822168,1.0219493330439
1.5734375000002,1.2101444179078,0.92904119525597,1.0219453147816
1.5736328125002,1.2100266388633,0.92903754097132,1.0219412950684
1.5738281250002,1.2099088908094,0.92903388536978,1.0219372739068
1.5740234375002,1.2097911737747,0.92903022845342,1.0219332512988
1.5742187500002,1.2096734877875,0.92902657022427,1.0219292272467
1.5744140625002,1.2095558328763,0.92902291068439,1.0219252017528
1.5746093750002,1.2094382090693,0.92901924983583,1.0219211748194
1.5748046875002,1.2093206163948,0.92901558768063,1.0219171464487
1.5750000000002,1.2092030548809,0.92901192422085,1.0219131166429
1.5751953125002,1.2090855245557,0.92900825945853,1.0219090854044
1.5753906250002,1.2089680254473,0.92900459339573,1.0219050527353
1.5755859375002,1.2088505575838,0.9290009260345,1.0219010186379
1.5757812500002,1.208733120993,0.92899725737688,1.0218969831146
1.5759765625002,1.2086157157027,0.92899358742492,1.0218929461674
1.5761718750002,1.2084983417409,0.92898991618067,1.0218889077987
1.5763671875002,1.2083809991353,0.92898624364618,1.0218848680108
1.5765625000002,1.2082636879135,0.92898256982351,1.0218808268059
1.5767578125002,1.2081464081033,0.92897889471469,1.0218767841862
1.5769531250002,1.2080291597321,0.92897521832178,1.021872740154
1.5771484375002,1.2079119428276,0.92897154064682,1.0218686947115
1.5773437500002,1.207794757417,0.92896786169187,1.0218646478611
1.5775390625002,1.207677603528,0.92896418145897,1.0218605996049
1.5777343750002,1.2075604811877,0.92896049995017,1.0218565499452
1.5779296875002,1.2074433904235,0.92895681716752,1.0218524988843
1.5781250000002,1.2073263312626,0.92895313311306,1.0218484464244
1.5783203125002,1.2072093037321,0.92894944778885,1.0218443925677
1.5785156250002,1.2070923078592,0.92894576119693,1.0218403373166
1.5787109375002,1.2069753436708,0.92894207333936,1.0218362806733
1.5789062500002,1.206858411194,0.92893838421816,1.02183222264
1.5791015625002,1.2067415104557,0.92893469383541,1.0218281632189
1.5792968750002,1.2066246414827,0.92893100219313,1.0218241024124
1.5794921875002,1.2065078043019,0.92892730929339,1.0218200402227
1.5796875000002,1.2063909989399,0.92892361513821,1.021815976652
1.5798828125002,1.2062742254236,0.92891991972967,1.0218119117026
1.5800781250002,1.2061574837794,0.92891622306979,1.0218078453768
1.5802734375002,1.206040774034,0.92891252516062,1.0218037776767
1.5804687500002,1.2059240962139,0.92890882600422,1.0217997086046
1.5806640625002,1.2058074503455,0.92890512560263,1.0217956381629
1.5808593750002,1.2056908364552,0.92890142395789,1.0217915663537
1.5810546875002,1.2055742545694,0.92889772107206,1.0217874931793
1.5812500000002,1.2054577047143,0.92889401694717,1.0217834186419
1.5814453125002,1.2053411869161,0.92889031158527,1.0217793427438
1.5816406250002,1.205224701201,0.92888660498841,1.0217752654872
1.5818359375002,1.2051082475951,0.92888289715863,1.0217711868745
1.5820312500002,1.2049918261244,0.92887918809798,1.0217671069078
1.5822265625002,1.2048754368149,0.9288754778085,1.0217630255894
1.5824218750002,1.2047590796926,0.92887176629224,1.0217589429215
1.5826171875002,1.2046427547832,0.92886805355125,1.0217548589064
1.5828125000002,1.2045264621126,0.92886433958756,1.0217507735463
1.5830078125002,1.2044102017065,0.92886062440322,1.0217466868435
1.5832031250002,1.2042939735907,0.92885690800028,1.0217425988003
1.5833984375002,1.2041777777907,0.92885319038078,1.0217385094189
1.5835937500002,1.2040616143321,0.92884947154676,1.0217344187014
1.5837890625002,1.2039454832405,0.92884575150028,1.0217303266503
1.5839843750002,1.2038293845412,0.92884203024336,1.0217262332677
1.5841796875002,1.2037133182597,0.92883830777805,1.0217221385559
1.5843750000002,1.2035972844214,0.92883458410641,1.021718042517
1.5845703125002,1.2034812830514,0.92883085923046,1.0217139451535
1.5847656250002,1.2033653141751,0.92882713315226,1.0217098464675
1.5849609375002,1.2032493778176,0.92882340587384,1.0217057464612
1.5851562500002,1.203133474004,0.92881967739726,1.021701645137
1.5853515625002,1.2030176027593,0.92881594772454,1.021697542497
1.5855468750002,1.2029017641085,0.92881221685773,1.0216934385435
1.5857421875002,1.2027859580766,0.92880848479888,1.0216893332788
1.5859375000002,1.2026701846885,0.92880475155003,1.021685226705
1.5861328125002,1.2025544439689,0.92880101711321,1.0216811188245
1.5863281250002,1.2024387359427,0.92879728149048,1.0216770096395
1.5865234375002,1.2023230606345,0.92879354468386,1.0216728991522
1.5867187500002,1.2022074180689,0.9287898066954,1.0216687873649
1.5869140625002,1.2020918082707,0.92878606752715,1.0216646742799
1.5871093750002,1.2019762312642,0.92878232718113,1.0216605598992
1.5873046875002,1.2018606870739,0.9287785856594,1.0216564442253
1.5875000000002,1.2017451757244,0.92877484296399,1.0216523272604
1.5876953125002,1.2016296972399,0.92877109909694,1.0216482090066
1.5878906250002,1.2015142516447,0.92876735406029,1.0216440894663
1.5880859375002,1.2013988389631,0.92876360785608,1.0216399686417
1.5882812500002,1.2012834592193,0.92875986048635,1.021635846535
1.5884765625002,1.2011681124374,0.92875611195315,1.0216317231485
1.5886718750002,1.2010527986415,0.92875236225849,1.0216275984843
1.5888671875002,1.2009375178556,0.92874861140443,1.0216234725449
1.5890625000002,1.2008222701036,0.92874485939301,1.0216193453323
1.5892578125002,1.2007070554095,0.92874110622626,1.0216152168489
1.5894531250002,1.200591873797,0.92873735190622,1.0216110870968
1.5896484375002,1.2004767252901,0.92873359643492,1.0216069560784
1.5898437500002,1.2003616099124,0.92872983981441,1.0216028237958
1.5900390625002,1.2002465276876,0.92872608204672,1.0215986902514
1.5902343750002,1.2001314786392,0.92872232313389,1.0215945554473
1.5904296875002,1.200016462791,0.92871856307795,1.0215904193857
1.5906250000002,1.1999014801664,0.92871480188094,1.021586282069
1.5908203125002,1.1997865307887,0.9287110395449,1.0215821434994
1.5910156250002,1.1996716146816,0.92870727607186,1.021578003679
1.5912109375002,1.1995567318681,0.92870351146386,1.0215738626102
1.5914062500002,1.1994418823717,0.92869974572293,1.0215697202952
1.5916015625002,1.1993270662156,0.92869597885112,1.0215655767362
1.5917968750002,1.1992122834229,0.92869221085044,1.0215614319355
1.5919921875002,1.1990975340167,0.92868844172294,1.0215572858952
1.5921875000002,1.1989828180201,0.92868467147066,1.0215531386177
1.5923828125002,1.1988681354561,0.92868090009562,1.0215489901052
1.5925781250002,1.1987534863477,0.92867712759986,1.0215448403598
1.5927734375002,1.1986388707176,0.92867335398541,1.021540689384
1.5929687500002,1.1985242885889,0.92866957925431,1.0215365371797
1.5931640625002,1.1984097399841,0.92866580340859,1.0215323837494
1.5933593750002,1.1982952249261,0.92866202645028,1.0215282290953
1.5935546875002,1.1981807434375,0.92865824838141,1.0215240732196
1.5937500000002,1.1980662955409,0.92865446920402,1.0215199161244
1.5939453125002,1.1979518812588,0.92865068892014,1.0215157578122
1.5941406250002,1.1978375006139,0.9286469075318,1.021511598285
1.5943359375002,1.1977231536284,0.92864312504103,1.0215074375451
1.5945312500002,1.1976088403248,0.92863934144986,1.0215032755948
1.5947265625002,1.1974945607254,0.92863555676032,1.0214991124364
1.5949218750002,1.1973803148525,0.92863177097445,1.0214949480719
1.5951171875002,1.1972661027283,0.92862798409426,1.0214907825037
1.5953125000002,1.1971519243749,0.92862419612181,1.021486615734
1.5955078125002,1.1970377798146,0.9286204070591,1.021482447765
1.5957031250002,1.1969236690692,0.92861661690817,1.021478278599
1.5958984375002,1.1968095921609,0.92861282567106,1.0214741082382
1.5960937500002,1.1966955491115,0.92860903334978,1.0214699366848
1.5962890625002,1.1965815399429,0.92860523994637,1.021465763941
1.5964843750002,1.196467564677,0.92860144546286,1.0214615900091
1.5966796875002,1.1963536233356,0.92859764990127,1.0214574148914
1.5968750000002,1.1962397159403,0.92859385326363,1.02145323859
1.5970703125002,1.1961258425128,0.92859005555196,1.0214490611072
1.5972656250002,1.1960120030748,0.9285862567683,1.0214448824451
1.5974609375002,1.1958981976478,0.92858245691467,1.0214407026061
1.5976562500002,1.1957844262533,0.9285786559931,1.0214365215924
1.5978515625002,1.1956706889127,0.92857485400561,1.0214323394062
1.5980468750002,1.1955569856474,0.92857105095423,1.0214281560496
1.5982421875002,1.1954433164788,0.92856724684098,1.0214239715251
1.5984375000002,1.1953296814281,0.92856344166788,1.0214197858347
1.5986328125002,1.1952160805166,0.92855963543697,1.0214155989807
1.5988281250002,1.1951025137655,0.92855582815027,1.0214114109653
1.5990234375002,1.1949889811958,0.9285520198098,1.0214072217908
1.5992187500002,1.1948754828286,0.92854821041758,1.0214030314593
1.5994140625002,1.194762018685,0.92854439997564,1.0213988399732
1.5996093750002,1.1946485887858,0.928540588486,1.0213946473346
1.5998046875002,1.194535193152,0.92853677595068,1.0213904535457
1.6000000000002,1.1944218318045,0.9285329623717,1.0213862586089
1.6001953125002,1.1943085047639,0.92852914775109,1.0213820625262
1.6003906250002,1.1941952120511,0.92852533209087,1.0213778653
1.6005859375002,1.1940819536868,0.92852151539306,1.0213736669324
1.6007812500002,1.1939687296915,0.92851769765968,1.0213694674256
1.6009765625002,1.1938555400858,0.92851387889275,1.021365266782
1.6011718750002,1.1937423848904,0.92851005909429,1.0213610650037
1.6013671875002,1.1936292641255,0.92850623826631,1.0213568620929
1.6015625000002,1.1935161778116,0.92850241641085,1.0213526580519
1.6017578125002,1.1934031259692,0.92849859352992,1.0213484528829
1.6019531250002,1.1932901086185,0.92849476962553,1.0213442465881
1.6021484375002,1.1931771257796,0.92849094469971,1.0213400391697
1.6023437500002,1.193064177473,0.92848711875448,1.0213358306299
1.6025390625002,1.1929512637186,0.92848329179184,1.021331620971
1.6027343750002,1.1928383845366,0.92847946381382,1.0213274101952
1.6029296875002,1.192725539947,0.92847563482244,1.0213231983047
1.6031250000002,1.1926127299698,0.92847180481971,1.0213189853017
1.6033203125002,1.192499954625,0.92846797380764,1.0213147711884
1.6035156250002,1.1923872139323,0.92846414178826,1.0213105559671
1.6037109375002,1.1922745079117,0.92846030876358,1.0213063396399
1.6039062500002,1.1921618365828,0.92845647473561,1.0213021222092
1.6041015625002,1.1920491999654,0.92845263970637,1.021297903677
1.6042968750002,1.1919365980792,0.92844880367788,1.0212936840457
1.6044921875002,1.1918240309438,0.92844496665213,1.0212894633173
1.6046875000002,1.1917114985787,0.92844112863116,1.0212852414943
1.6048828125002,1.1915990010034,0.92843728961697,1.0212810185787
1.6050781250002,1.1914865382374,0.92843344961158,1.0212767945727
1.6052734375002,1.1913741103001,0.92842960861699,1.0212725694787
1.6054687500002,1.1912617172108,0.92842576663523,1.0212683432987
1.6056640625002,1.1911493589888,0.92842192366829,1.0212641160351
1.6058593750002,1.1910370356533,0.9284180797182,1.02125988769
1.6060546875002,1.1909247472236,0.92841423478696,1.0212556582657
1.6062500000002,1.1908124937187,0.92841038887658,1.0212514277642
1.6064453125002,1.1907002751578,0.92840654198907,1.021247196188
1.6066406250002,1.1905880915599,0.92840269412645,1.0212429635391
1.6068359375002,1.1904759429438,0.92839884529072,1.0212387298198
1.6070312500002,1.1903638293287,0.92839499548389,1.0212344950323
1.6072265625002,1.1902517507332,0.92839114470797,1.0212302591788
1.6074218750002,1.1901397071763,0.92838729296496,1.0212260222615
1.6076171875002,1.1900276986767,0.92838344025688,1.0212217842826
1.6078125000002,1.1899157252531,0.92837958658572,1.0212175452443
1.6080078125002,1.1898037869242,0.92837573195351,1.0212133051489
1.6082031250002,1.1896918837086,0.92837187636224,1.0212090639985
1.6083984375002,1.1895800156248,0.92836801981392,1.0212048217953
1.6085937500002,1.1894681826913,0.92836416231055,1.0212005785416
1.6087890625002,1.1893563849266,0.92836030385414,1.0211963342396
1.6089843750002,1.1892446223491,0.92835644444669,1.0211920888914
1.6091796875002,1.1891328949772,0.92835258409021,1.0211878424992
1.6093750000002,1.189021202829,0.92834872278671,1.0211835950654
1.6095703125002,1.1889095459229,0.92834486053818,1.021179346592
1.6097656250002,1.188797924277,0.92834099734662,1.0211750970813
1.6099609375002,1.1886863379096,0.92833713321405,1.0211708465355
1.6101562500002,1.1885747868386,0.92833326814246,1.0211665949567
1.6103515625002,1.1884632710821,0.92832940213384,1.0211623423472
1.6105468750002,1.1883517906581,0.92832553519022,1.0211580887092
1.6107421875002,1.1882403455845,0.92832166731358,1.0211538340449
1.6109375000002,1.1881289358792,0.92831779850592,1.0211495783565
1.6111328125002,1.18801756156,0.92831392876925,1.0211453216462
1.6113281250002,1.1879062226447,0.92831005810556,1.0211410639161
1.6115234375002,1.187794919151,0.92830618651685,1.0211368051685
1.6117187500002,1.1876836510966,0.92830231400512,1.0211325454056
1.6119140625002,1.1875724184992,0.92829844057237,1.0211282846296
1.6121093750002,1.1874612213762,0.9282945662206,1.0211240228427
1.6123046875002,1.1873500597452,0.9282906909518,1.021119760047
1.6125000000002,1.1872389336237,0.92828681476796,1.0211154962448
1.6126953125002,1.1871278430291,0.9282829376711,1.0211112314382
1.6128906250002,1.1870167879787,0.92827905966319,1.0211069656295
1.6130859375002,1.1869057684899,0.92827518074624,1.0211026988209
1.6132812500002,1.1867947845798,0.92827130092224,1.0210984310145
1.6134765625002,1.1866838362659,0.92826742019318,1.0210941622125
1.6136718750002,1.1865729235651,0.92826353856106,1.0210898924172
1.6138671875002,1.1864620464946,0.92825965602787,1.0210856216307
1.6140625000002,1.1863512050714,0.92825577259561,1.0210813498552
1.6142578125002,1.1862403993127,0.92825188826626,1.0210770770929
1.6144531250002,1.1861296292353,0.92824800304182,1.021072803346
1.6146484375002,1.1860188948561,0.92824411692428,1.0210685286167
1.6148437500002,1.1859081961919,0.92824022991563,1.0210642529072
1.6150390625002,1.1857975332597,0.92823634201785,1.0210599762196
1.6152343750002,1.1856869060761,0.92823245323295,1.0210556985562
1.6154296875002,1.1855763146578,0.92822856356291,1.0210514199192
1.6156250000002,1.1854657590216,0.92822467300971,1.0210471403107
1.6158203125002,1.1853552391839,0.92822078157536,1.0210428597329
1.6160156250002,1.1852447551614,0.92821688926182,1.021038578188
1.6162109375002,1.1851343069706,0.9282129960711,1.0210342956782
1.6164062500002,1.1850238946278,0.92820910200518,1.0210300122057
1.6166015625002,1.1849135181495,0.92820520706604,1.0210257277726
1.6167968750002,1.1848031775521,0.92820131125567,1.0210214423812
1.6169921875002,1.1846928728519,0.92819741457606,1.0210171560337
1.6171875000002,1.1845826040651,0.92819351702918,1.0210128687321
1.6173828125002,1.1844723712079,0.92818961861704,1.0210085804787
1.6175781250002,1.1843621742964,0.9281857193416,1.0210042912758
1.6177734375002,1.1842520133468,0.92818181920486,1.0210000011253
1.6179687500002,1.1841418883751,0.92817791820879,1.0209957100297
1.6181640625002,1.1840317993973,0.92817401635537,1.0209914179909
1.6183593750002,1.1839217464294,0.9281701136466,1.0209871250113
1.6185546875002,1.1838117294872,0.92816621008445,1.0209828310929
1.6187500000002,1.1837017485867,0.9281623056709,1.020978536238
1.6189453125002,1.1835918037435,0.92815840040793,1.0209742404487
1.6191406250002,1.1834818949735,0.92815449429752,1.0209699437273
1.6193359375002,1.1833720222924,0.92815058734165,1.0209656460758
1.6195312500002,1.1832621857158,0.9281466795423,1.0209613474965
1.6197265625002,1.1831523852594,0.92814277090145,1.0209570479916
1.6199218750002,1.1830426209386,0.92813886142107,1.0209527475632
1.6201171875002,1.182932892769,0.92813495110315,1.0209484462135
1.6203125000002,1.182823200766,0.92813103994965,1.0209441439446
1.6205078125002,1.182713544945,0.92812712796255,1.0209398407588
1.6207031250002,1.1826039253215,0.92812321514384,1.0209355366582
1.6208984375002,1.1824943419106,0.92811930149548,1.020931231645
1.6210937500002,1.1823847947278,0.92811538701945,1.0209269257214
1.6212890625002,1.1822752837881,0.92811147171773,1.0209226188895
1.6214843750002,1.1821658091067,0.92810755559228,1.0209183111515
1.6216796875002,1.1820563706988,0.92810363864507,1.0209140025096
1.6218750000002,1.1819469685793,0.92809972087809,1.0209096929659
1.6220703125002,1.1818376027634,0.92809580229331,1.0209053825226
1.6222656250002,1.181728273266,0.92809188289268,1.0209010711819
1.6224609375002,1.181618980102,0.92808796267819,1.020896758946
1.6226562500002,1.1815097232862,0.92808404165181,1.020892445817
1.6228515625002,1.1814005028335,0.9280801198155,1.020888131797
1.6230468750002,1.1812913187587,0.92807619717123,1.0208838168883
1.6232421875002,1.1811821710764,0.92807227372097,1.0208795010931
1.6234375000002,1.1810730598014,0.92806834946669,1.0208751844134
1.6236328125002,1.1809639849482,0.92806442441036,1.0208708668514
1.6238281250002,1.1808549465315,0.92806049855394,1.0208665484093
1.6240234375002,1.1807459445657,0.9280565718994,1.0208622290893
1.6242187500002,1.1806369790654,0.9280526444487,1.0208579088936
1.6244140625002,1.1805280500449,0.92804871620381,1.0208535878242
1.6246093750002,1.1804191575188,0.92804478716669,1.0208492658834
1.6248046875002,1.1803103015011,0.92804085733932,1.0208449430732
1.6250000000002,1.1802014820064,0.92803692672364,1.020840619396
1.6251953125002,1.1800926990488,0.92803299532163,1.0208362948538
1.6253906250002,1.1799839526425,0.92802906313524,1.0208319694488
1.6255859375002,1.1798752428016,0.92802513016643,1.0208276431831
1.6257812500002,1.1797665695403,0.92802119641718,1.0208233160589
1.6259765625002,1.1796579328725,0.92801726188943,1.0208189880784
1.6261718750002,1.1795493328123,0.92801332658515,1.0208146592437
1.6263671875002,1.1794407693736,0.9280093905063,1.0208103295569
1.6265625000002,1.1793322425704,0.92800545365483,1.0208059990203
1.6267578125002,1.1792237524164,0.9280015160327,1.020801667636
1.6269531250002,1.1791152989255,0.92799757764188,1.0207973354061
1.6271484375002,1.1790068821114,0.92799363848431,1.0207930023327
1.6273437500002,1.1788985019879,0.92798969856195,1.0207886684181
1.6275390625002,1.1787901585687,0.92798575787677,1.0207843336644
1.6277343750002,1.1786818518672,0.9279818164307,1.0207799980738
1.6279296875002,1.1785735818971,0.92797787422572,1.0207756616483
1.6281250000002,1.1784653486719,0.92797393126377,1.0207713243901
1.6283203125002,1.1783571522052,0.9279699875468,1.0207669863015
1.6285156250002,1.1782489925102,0.92796604307677,1.0207626473844
1.6287109375002,1.1781408696005,0.92796209785563,1.0207583076412
1.6289062500002,1.1780327834893,0.92795815188533,1.0207539670739
1.6291015625002,1.1779247341898,0.92795420516782,1.0207496256846
1.6292968750002,1.1778167217155,0.92795025770506,1.0207452834756
1.6294921875002,1.1777087460794,0.92794630949898,1.0207409404489
1.6296875000002,1.1776008072946,0.92794236055155,1.0207365966067
1.6298828125002,1.1774929053743,0.9279384108647,1.0207322519512
1.6300781250002,1.1773850403316,0.92793446044039,1.0207279064844
1.6302734375002,1.1772772121793,0.92793050928056,1.0207235602086
1.6304687500002,1.1771694209306,0.92792655738716,1.0207192131259
1.6306640625002,1.1770616665982,0.92792260476214,1.0207148652384
1.6308593750002,1.1769539491951,0.92791865140743,1.0207105165482
1.6310546875002,1.1768462687341,0.927914697325,1.0207061670575
1.6312500000002,1.1767386252279,0.92791074251677,1.0207018167684
1.6314453125002,1.1766310186892,0.92790678698469,1.0206974656832
1.6316406250002,1.1765234491308,0.9279028307307,1.0206931138038
1.6318359375002,1.1764159165652,0.92789887375676,1.0206887611324
1.6320312500002,1.1763084210051,0.92789491606479,1.0206844076713
1.6322265625002,1.176200962463,0.92789095765673,1.0206800534224
1.6324218750002,1.1760935409513,0.92788699853454,1.020675698388
1.6326171875002,1.1759861564826,0.92788303870015,1.0206713425702
1.6328125000002,1.1758788090691,0.92787907815549,1.020666985971
1.6330078125002,1.1757714987233,0.9278751169025,1.0206626285928
1.6332031250002,1.1756642254575,0.92787115494313,1.0206582704374
1.6333984375002,1.1755569892839,0.92786719227931,1.0206539115072
1.6335937500002,1.1754497902147,0.92786322891297,1.0206495518043
1.6337890625002,1.1753426282621,0.92785926484605,1.0206451913307
1.6339843750002,1.1752355034382,0.92785530008049,1.0206408300885
1.6341796875002,1.1751284157552,0.92785133461822,1.02063646808
1.6343750000002,1.1750213652249,0.92784736846117,1.0206321053073
1.6345703125002,1.1749143518595,0.92784340161128,1.0206277417724
1.6347656250002,1.1748073756708,0.92783943407048,1.0206233774775
1.6349609375002,1.1747004366707,0.9278354658407,1.0206190124248
1.6351562500002,1.1745935348711,0.92783149692387,1.0206146466163
1.6353515625002,1.1744866702838,0.92782752732192,1.0206102800541
1.6355468750002,1.1743798429205,0.92782355703678,1.0206059127405
1.6357421875002,1.174273052793,0.92781958607038,1.0206015446774
1.6359375000002,1.1741662999129,0.92781561442464,1.0205971758671
1.6361328125002,1.1740595842917,0.92781164210151,1.0205928063117
1.6363281250002,1.1739529059412,0.9278076691029,1.0205884360132
1.6365234375002,1.1738462648728,0.92780369543073,1.0205840649738
1.6367187500002,1.1737396610981,0.92779972108694,1.0205796931956
1.6369140625002,1.1736330946283,0.92779574607345,1.0205753206808
1.6371093750002,1.173526565475,0.92779177039218,1.0205709474314
1.6373046875002,1.1734200736495,0.92778779404506,1.0205665734496
1.6375000000002,1.173313619163,0.92778381703401,1.0205621987374
1.6376953125002,1.1732072020269,0.92777983936095,1.020557823297
1.6378906250002,1.1731008222523,0.9277758610278,1.0205534471306
1.6380859375002,1.1729944798505,0.92777188203649,1.0205490702401
1.6382812500002,1.1728881748325,0.92776790238893,1.0205446926278
1.6384765625002,1.1727819072094,0.92776392208705,1.0205403142958
1.6386718750002,1.1726756769922,0.92775994113276,1.020535935246
1.6388671875002,1.172569484192,0.92775595952797,1.0205315554808
1.6390625000002,1.1724633288196,0.92775197727462,1.0205271750021
1.6392578125002,1.172357210886,0.92774799437461,1.0205227938121
1.6394531250002,1.172251130402,0.92774401082986,1.0205184119128
1.6396484375002,1.1721450873785,0.92774002664228,1.0205140293065
1.6398437500002,1.1720390818262,0.92773604181379,1.0205096459952
1.6400390625002,1.1719331137557,0.92773205634631,1.0205052619809
1.6402343750002,1.1718271831779,0.92772807024175,1.0205008772659
1.6404296875002,1.1717212901033,0.92772408350201,1.0204964918522
1.6406250000002,1.1716154345425,0.92772009612901,1.0204921057419
1.6408203125002,1.171509616506,0.92771610812467,1.0204877189371
1.6410156250002,1.1714038360044,0.92771211949088,1.02048333144
1.6412109375002,1.1712980930481,0.92770813022957,1.0204789432525
1.6414062500002,1.1711923876475,0.92770414034264,1.0204745543769
1.6416015625002,1.1710867198129,0.927700149832,1.0204701648152
1.6417968750002,1.1709810895548,0.92769615869955,1.0204657745695
1.6419921875002,1.1708754968833,0.92769216694721,1.0204613836419
1.6421875000002,1.1707699418088,0.92768817457687,1.0204569920346
1.6423828125002,1.1706644243413,0.92768418159045,1.0204525997495
1.6425781250002,1.1705589444911,0.92768018798984,1.0204482067888
1.6427734375002,1.1704535022682,0.92767619377696,1.0204438131547
1.6429687500002,1.1703480976827,0.9276721989537,1.0204394188491
1.6431640625002,1.1702427307446,0.92766820352197,1.0204350238742
1.6433593750002,1.170137401464,0.92766420748366,1.020430628232
1.6435546875002,1.1700321098506,0.92766021084069,1.0204262319248
1.6437500000002,1.1699268559144,0.92765621359495,1.0204218349544
1.6439453125002,1.1698216396653,0.92765221574833,1.0204174373232
1.6441406250002,1.169716461113,0.92764821730274,1.020413039033
1.6443359375002,1.1696113202673,0.92764421826008,1.0204086400861
1.6445312500002,1.1695062171379,0.92764021862224,1.0204042404845
1.6447265625002,1.1694011517345,0.92763621839112,1.0203998402302
1.6449218750002,1.1692961240666,0.92763221756862,1.0203954393255
1.6451171875002,1.1691911341439,0.92762821615662,1.0203910377723
1.6453125000002,1.1690861819759,0.92762421415703,1.0203866355727
1.6455078125002,1.1689812675722,0.92762021157174,1.0203822327289
1.6457031250002,1.168876390942,0.92761620840264,1.0203778292429
1.6458984375002,1.168771552095,0.92761220465161,1.0203734251168
1.6460937500002,1.1686667510403,0.92760820032056,1.0203690203526
1.6462890625002,1.1685619877874,0.92760419541138,1.0203646149525
1.6464843750002,1.1684572623455,0.92760018992595,1.0203602089185
1.6466796875002,1.1683525747239,0.92759618386616,1.0203558022528
1.6468750000002,1.1682479249317,0.9275921772339,1.0203513949573
1.6470703125002,1.1681433129782,0.92758817003106,1.0203469870342
1.6472656250002,1.1680387388723,0.92758416225952,1.0203425784855
1.6474609375002,1.1679342026232,0.92758015392117,1.0203381693133
1.6476562500002,1.16782970424,0.9275761450179,1.0203337595197
1.6478515625002,1.1677252437315,0.92757213555159,1.0203293491067
1.6480468750002,1.1676208211067,0.92756812552412,1.0203249380765
1.6482421875002,1.1675164363745,0.92756411493738,1.0203205264311
1.6484375000002,1.1674120895438,0.92756010379324,1.0203161141726
1.6486328125002,1.1673077806234,0.9275560920936,1.020311701303
1.6488281250002,1.167203509622,0.92755207984032,1.0203072878244
1.6490234375002,1.1670992765484,0.9275480670353,1.0203028737388
1.6492187500002,1.1669950814112,0.9275440536804,1.0202984590484
1.6494140625002,1.1668909242192,0.92754003977751,1.0202940437553
1.6496093750002,1.1667868049808,0.9275360253285,1.0202896278614
1.6498046875002,1.1666827237047,0.92753201033526,1.0202852113688
1.6500000000002,1.1665786803994,0.92752799479964,1.0202807942796
1.6501953125002,1.1664746750733,0.92752397872355,1.0202763765959
1.6503906250002,1.1663707077349,0.92751996210883,1.0202719583197
1.6505859375002,1.1662667783926,0.92751594495738,1.0202675394531
1.6507812500002,1.1661628870546,0.92751192727106,1.0202631199982
1.6509765625002,1.1660590337294,0.92750790905174,1.0202586999569
1.6511718750002,1.1659552184252,0.92750389030129,1.0202542793314
1.6513671875002,1.1658514411502,0.92749987102159,1.0202498581238
1.6515625000002,1.1657477019125,0.92749585121451,1.020245436336
1.6517578125002,1.1656440007204,0.92749183088191,1.0202410139701
1.6519531250002,1.1655403375819,0.92748781002566,1.0202365910282
1.6521484375002,1.1654367125051,0.92748378864762,1.0202321675124
1.6523437500002,1.165333125498,0.92747976674968,1.0202277434246
1.6525390625002,1.1652295765686,0.92747574433368,1.020223318767
1.6527343750002,1.1651260657247,0.92747172140149,1.0202188935416
1.6529296875002,1.1650225929744,0.92746769795499,1.0202144677505
1.6531250000002,1.1649191583254,0.92746367399602,1.0202100413956
1.6533203125002,1.1648157617856,0.92745964952646,1.0202056144791
1.6535156250002,1.1647124033626,0.92745562454817,1.020201187003
1.6537109375002,1.1646090830643,0.927451599063,1.0201967589693
1.6539062500002,1.1645058008984,0.92744757307281,1.0201923303801
1.6541015625002,1.1644025568724,0.92744354657948,1.0201879012374
1.6542968750002,1.164299350994,0.92743951958484,1.0201834715433
1.6544921875002,1.1641961832708,0.92743549209076,1.0201790412998
1.6546875000002,1.1640930537102,0.9274314640991,1.020174610509
1.6548828125002,1.1639899623198,0.92742743561172,1.0201701791729
1.6550781250002,1.1638869091069,0.92742340663046,1.0201657472935
1.6552734375002,1.163783894079,0.92741937715718,1.0201613148729
1.6554687500002,1.1636809172435,0.92741534719374,1.0201568819131
1.6556640625002,1.1635779786077,0.92741131674198,1.0201524484162
1.6558593750002,1.1634750781788,0.92740728580377,1.0201480143841
1.6560546875002,1.163372215964,0.92740325438094,1.020143579819
1.6562500000002,1.1632693919707,0.92739922247535,1.0201391447229
1.6564453125002,1.1631666062058,0.92739519008886,1.0201347090977
1.6566406250002,1.1630638586767,0.9273911572233,1.0201302729456
1.6568359375002,1.1629611493902,0.92738712388052,1.0201258362686
1.6570312500002,1.1628584783535,0.92738309006237,1.0201213990686
1.6572265625002,1.1627558455735,0.92737905577071,1.0201169613478
1.6574218750002,1.1626532510572,0.92737502100736,1.0201125231081
1.6576171875002,1.1625506948116,0.92737098577418,1.0201080843516
1.6578125000002,1.1624481768435,0.92736695007301,1.0201036450803
1.6580078125002,1.1623456971597,0.92736291390569,1.0200992052963
1.6582031250002,1.162243255767,0.92735887727407,1.0200947650015
1.6583984375002,1.1621408526721,0.92735484017998,1.020090324198
1.6585937500002,1.1620384878819,0.92735080262526,1.0200858828878
1.6587890625002,1.161936161403,0.92734676461175,1.0200814410729
1.6589843750002,1.1618338732419,0.9273427261413,1.0200769987554
1.6591796875002,1.1617316234054,0.92733868721574,1.0200725559373
1.6593750000002,1.1616294118999,0.9273346478369,1.0200681126206
1.6595703125002,1.1615272387319,0.92733060800662,1.0200636688073
1.6597656250002,1.161425103908,0.92732656772674,1.0200592244994
1.6599609375002,1.1613230074346,0.92732252699908,1.020054779699
1.6601562500002,1.1612209493181,0.92731848582549,1.020050334408
1.6603515625002,1.1611189295648,0.92731444420779,1.0200458886286
1.6605468750002,1.1610169481811,0.92731040214782,1.0200414423626
1.6607421875002,1.1609150051732,0.92730635964741,1.0200369956122
1.6609375000002,1.1608131005474,0.92730231670838,1.0200325483792
1.6611328125002,1.1607112343098,0.92729827333257,1.0200281006658
1.6613281250002,1.1606094064666,0.9272942295218,1.020023652474
1.6615234375002,1.1606094064615,0.92729011728128,1.0200191290094
1.6617187500002,1.1604058660035,0.92728607268608,1.0200146799547
1.6619140625002,1.1603041533904,0.92728202766131,1.0200102304274
1.6621093750002,1.160202479196,0.92727798220881,1.0200057804297
1.6623046875002,1.1601008434262,0.92727393633038,1.0200013299634
1.6625000000002,1.1599992460869,0.92726989002786,1.0199968790306
1.6626953125002,1.1598976871839,0.92726584330307,1.0199924276334
1.6628906250002,1.1597961667235,0.92726179615782,1.0199879757736
1.6630859375002,1.1596946847109,0.92725774859394,1.0199835234533
1.6632812500002,1.1595932411523,0.92725370061325,1.0199790706746
1.6634765625002,1.1594918360532,0.92724965221757,1.0199746174393
1.6636718750002,1.1593904694195,0.92724560340871,1.0199701637496
1.6638671875002,1.1592891412566,0.92724155418848,1.0199657096073
1.6640625000002,1.1591878515703,0.92723750455872,1.0199612550146
1.6642578125002,1.1590866003662,0.92723345452122,1.0199567999733
1.6644531250002,1.1589853876497,0.92722940407781,1.0199523444856
1.6646484375002,1.1588842134264,0.92722535323029,1.0199478885533
1.6648437500002,1.1587830777017,0.92722130198049,1.0199434321785
1.6650390625002,1.158681980481,0.9272172503302,1.0199389753632
1.6652343750002,1.1585809217699,0.92721319828125,1.0199345181094
1.6654296875002,1.1584799015735,0.92720914583543,1.019930060419
1.6656250000002,1.1583789198972,0.92720509299457,1.019925602294
1.6658203125002,1.1582779767463,0.92720103976046,1.0199211437365
1.6660156250002,1.158177072126,0.92719698613491,1.0199166847484
1.6662109375002,1.1580762060415,0.92719293211973,1.0199122253317
1.6664062500002,1.1579753784979,0.92718887771673,1.0199077654884
1.6666015625002,1.1578745895005,0.92718482292771,1.0199033052205
1.6667968750002,1.1577738390542,0.92718076775446,1.0198988445299
1.6669921875002,1.1576731271641,0.92717671219881,1.0198943834187
1.6671875000002,1.1575724538352,0.92717265626253,1.0198899218888
1.6673828125002,1.1574718190725,0.92716859994744,1.0198854599422
1.6675781250002,1.1573712228809,0.92716454325534,1.0198809975809
1.6677734375002,1.1572706652653,0.92716048618802,1.0198765348068
1.6679687500002,1.1571701462306,0.92715642874728,1.019872071622
1.6681640625002,1.1570696657816,0.92715237093492,1.0198676080284
1.6683593750002,1.156969223923,0.92714831275273,1.019863144028
1.6685546875002,1.1568688206596,0.92714425420251,1.0198586796228
1.6687500000002,1.1567684559961,0.92714019528606,1.0198542148147
1.6689453125002,1.1566681299372,0.92713613600516,1.0198497496057
1.6691406250002,1.1565678424874,0.92713207636161,1.0198452839978
1.6693359375002,1.1564675936515,0.9271280163572,1.0198408179929
1.6695312500002,1.1563673834339,0.92712395599372,1.0198363515931
1.6697265625002,1.1562672118392,0.92711989527296,1.0198318848003
1.6699218750002,1.1561670788719,0.92711583419671,1.0198274176164
1.6701171875002,1.1560669845363,0.92711177276675,1.0198229500434
1.6703125000002,1.1559669288369,0.92710771098487,1.0198184820834
1.6705078125002,1.1558669117781,0.92710364885287,1.0198140137382
1.6707031250002,1.1557669333642,0.92709958637251,1.0198095450098
1.6708984375002,1.1556669935996,0.92709552354559,1.0198050759002
1.6710937500002,1.1555670924883,0.9270914603739,1.0198006064113
1.6712890625002,1.1554672300348,0.9270873968592,1.0197961365451
1.6714843750002,1.1553674062431,0.92708333300329,1.0197916663036
1.6716796875002,1.1552676211175,0.92707926880794,1.0197871956887
1.6718750000002,1.1551678746619,0.92707520427493,1.0197827247024
1.6720703125002,1.1550681668806,0.92707113940604,1.0197782533466
1.6722656250002,1.1549684977775,0.92706707420305,1.0197737816234
1.6724609375002,1.1548688673567,0.92706300866773,1.0197693095345
1.6726562500002,1.1547692756221,0.92705894280186,1.019764837082
1.6728515625002,1.1546697225776,0.92705487660722,1.0197603642679
1.6730468750002,1.1545702082271,0.92705081008557,1.0197558910941
1.6732421875002,1.1544707325746,0.92704674323869,1.0197514175626
1.6734375000002,1.1543712956237,0.92704267606836,1.0197469436752
1.6736328125002,1.1542718973784,0.92703860857634,1.019742469434
1.6738281250002,1.1541725378423,0.9270345407644,1.0197379948408
1.6740234375002,1.1540732170191,0.92703047263431,1.0197335198977
1.6742187500002,1.1539739349126,0.92702640418784,1.0197290446066
1.6744140625002,1.1538746915264,0.92702233542676,1.0197245689694
1.6746093750002,1.153775486864,0.92701826635282,1.0197200929881
1.6748046875002,1.1536763209291,0.92701419696781,1.0197156166646
1.6750000000002,1.1535771937251,0.92701012727347,1.0197111400008
1.6751953125002,1.1534781052556,0.92700605727158,1.0197066629987
1.6753906250002,1.1533790555241,0.92700198696389,1.0197021856603
1.6755859375002,1.1532800445339,0.92699791635218,1.0196977079874
1.6757812500002,1.1531810722884,0.92699384543818,1.019693229982
1.6759765625002,1.1530821387911,0.92698977422368,1.019688751646
1.6761718750002,1.1529832440451,0.92698570271042,1.0196842729815
1.6763671875002,1.1528843880538,0.92698163090016,1.0196797939902
1.6765625000002,1.1527855708207,0.92697755879466,1.0196753146741
1.6767578125002,1.1526867923481,0.92697348639568,1.0196708350352
1.6769531250002,1.1525880526402,0.92696941370496,1.0196663550755
1.6771484375002,1.1524893516999,0.92696534072426,1.0196618747967
1.6773437500002,1.15239068953,0.92696126745534,1.0196573942009
1.6775390625002,1.1522920661338,0.92695719389994,1.0196529132899
1.6777343750002,1.1521934815143,0.92695312005982,1.0196484320658
1.6779296875002,1.1520949356744,0.92694904593673,1.0196439505304
1.6781250000002,1.1519964286171,0.9269449715324,1.0196394686856
1.6783203125002,1.1518979603454,0.9269408968486,1.0196349865335
1.6785156250002,1.1517995308622,0.92693682188707,1.0196305040758
1.6787109375002,1.1517011401702,0.92693274664955,1.0196260213145
1.6789062500002,1.1516027882724,0.92692867113779,1.0196215382516
1.6791015625002,1.1515044751715,0.92692459535354,1.0196170548889
1.6792968750002,1.1514062008703,0.92692051929852,1.0196125712284
1.6794921875002,1.1513079653714,0.9269164429745,1.0196080872719
1.6796875000002,1.1512097686776,0.9269123663832,1.0196036030215
1.6798828125002,1.1511116107915,0.92690828952637,1.019599118479
1.6800781250002,1.1510134917158,0.92690421240574,1.0195946336463
1.6802734375002,1.1509154114529,0.92690013502306,1.0195901485254
1.6804687500002,1.1508173700055,0.92689605738005,1.0195856631181
1.6806640625002,1.150719367376,0.92689197947846,1.0195811774263
1.6808593750002,1.150621403567,0.92688790132003,1.019576691452
1.6810546875002,1.1505234785809,0.92688382290647,1.0195722051971
1.6812500000002,1.15042559242,0.92687974423954,1.0195677186635
1.6814453125002,1.1503277450868,0.92687566532095,1.019563231853
1.6816406250002,1.1502299365835,0.92687158615244,1.0195587447677
1.6818359375002,1.1501321669126,0.92686750673575,1.0195542574093
1.6820312500002,1.1500344360762,0.92686342707258,1.0195497697798
1.6822265625002,1.1499367440765,0.92685934716469,1.0195452818812
1.6824218750002,1.1498390909159,0.92685526701379,1.0195407937152
1.6826171875002,1.1497414765964,0.92685118662161,1.0195363052838
1.6828125000002,1.1496439011203,0.92684710598987,1.0195318165889
1.6830078125002,1.1495463644895,0.92684302512029,1.0195273276323
1.6832031250002,1.1494488667061,0.92683894401461,1.0195228384161
1.6833984375002,1.1493514077722,0.92683486267454,1.019518348942
1.6835937500002,1.1492539876898,0.9268307811018,1.019513859212
1.6837890625002,1.1491566064608,0.92682669929811,1.0195093692279
1.6839843750002,1.1490592640873,0.92682261726519,1.0195048789917
1.6841796875002,1.1489619605708,0.92681853500477,1.0195003885052
1.6843750000002,1.1488646959135,0.92681445251854,1.0194958977704
1.6845703125002,1.1487674701172,0.92681036980824,1.0194914067891
1.6847656250002,1.1486702831836,0.92680628687557,1.0194869155631
1.6849609375002,1.1485731351146,0.92680220372225,1.0194824240945
1.6851562500002,1.1484760259117,0.92679812035,1.019477932385
1.6853515625002,1.1483789555767,0.92679403676051,1.0194734404366
1.6855468750002,1.1482819241113,0.92678995295551,1.0194689482511
1.6857421875002,1.1481849315171,0.92678586893671,1.0194644558304
1.6859375000002,1.1480879777957,0.9267817847058,1.0194599631764
1.6861328125002,1.1479910629486,0.92677770026451,1.019455470291
1.6863281250002,1.1478941869774,0.92677361561453,1.019450977176
1.6865234375002,1.1477973498836,0.92676953075757,1.0194464838333
1.6867187500002,1.1477005516685,0.92676544569534,1.0194419902649
1.6869140625002,1.1476037923337,0.92676136042954,1.0194374964725
1.6871093750002,1.1475070718806,0.92675727496187,1.0194330024581
1.6873046875002,1.1474103903105,0.92675318929403,1.0194285082234
1.6875000000002,1.1473137476246,0.92674910342772,1.0194240137705
1.6876953125002,1.1472171438244,0.92674501736465,1.0194195191011
1.6878906250002,1.1471205789111,0.92674093110651,1.0194150242172
1.6880859375002,1.1470240528859,0.926736844655,1.0194105291205
1.6882812500002,1.14692756575,0.92673275801181,1.019406033813
1.6884765625003,1.1468311175045,0.92672867117864,1.0194015382965
1.6886718750003,1.1467347081506,0.92672458415719,1.0193970425729
1.6888671875003,1.1466383376895,0.92672049694914,1.0193925466441
1.6890625000003,1.146542006122,0.92671640955619,1.0193880505118
1.6892578125003,1.1464457134494,0.92671232198003,1.019383554178
1.6894531250003,1.1463494596725,0.92670823422235,1.0193790576446
1.6896484375003,1.1462532447924,0.92670414628484,1.0193745609133
1.6898437500003,1.14615706881,0.92670005816919,1.0193700639861
1.6900390625003,1.1460609317261,0.92669596987708,1.0193655668648
1.6902343750003,1.1459648335417,0.92669188141019,1.0193610695512
1.6904296875003,1.1458687742576,0.92668779277023,1.0193565720472
1.6906250000003,1.1457727538747,0.92668370395886,1.0193520743547
1.6908203125003,1.1456767723935,0.92667961497777,1.0193475764755
1.6910156250003,1.145580829815,0.92667552582864,1.0193430784115
1.6912109375003,1.1454849261398,0.92667143651315,1.0193385801645
1.6914062500003,1.1453890613685,0.92666734703299,1.0193340817363
1.6916015625003,1.1452932355019,0.92666325738982,1.0193295831288
1.6917968750003,1.1451974485406,0.92665916758534,1.0193250843439
1.6919921875003,1.145101700485,0.92665507762121,1.0193205853833
1.6921875000003,1.1450059913359,0.9266509874991,1.019316086249
1.6923828125003,1.1449103210936,0.92664689722071,1.0193115869428
1.6925781250003,1.1448146897587,0.92664280678769,1.0193070874665
1.6927734375003,1.1447190973316,0.92663871620171,1.0193025878219
1.6929687500003,1.1446235438128,0.92663462546446,1.0192980880109
1.6931640625003,1.1445280292026,0.9266305345776,1.0192935880354
1.6933593750003,1.1444325535014,0.92662644354279,1.0192890878971
1.6935546875003,1.1443371167095,0.92662235236171,1.0192845875979
1.6937500000003,1.1442417188272,0.92661826103603,1.0192800871396
1.6939453125003,1.1441463598548,0.92661416956741,1.0192755865241
1.6941406250003,1.1440510397925,0.9266100779575,1.0192710857533
1.6943359375003,1.1439557586405,0.92660598620799,1.0192665848288
1.6945312500003,1.1438605163989,0.92660189432053,1.0192620837526
1.6947265625003,1.143765313068,0.92659780229678,1.0192575825265
1.6949218750003,1.1436701486477,0.9265937101384,1.0192530811522
1.6951171875003,1.1435750231383,0.92658961784705,1.0192485796318
1.6953125000003,1.1434799365396,0.92658552542439,1.0192440779668
1.6955078125003,1.1433848888519,0.92658143287208,1.0192395761593
1.6957031250003,1.1432898800749,0.92657734019177,1.0192350742109
1.6958984375003,1.1431949102087,0.92657324738511,1.0192305721236
1.6960937500003,1.1430999792532,0.92656915445377,1.0192260698992
1.6962890625003,1.1430050872083,0.9265650613994,1.0192215675393
1.6964843750003,1.1429102340738,0.92656096822364,1.019217065046
1.6966796875003,1.1428154198495,0.92655687492815,1.019212562421
1.6968750000003,1.1427206445353,0.92655278151457,1.019208059666
1.6970703125003,1.142625908131,0.92654868798456,1.019203556783
1.6972656250003,1.1425312106362,0.92654459433976,1.0191990537737
1.6974609375003,1.1424365520506,0.92654050058183,1.01919455064
1.6976562500003,1.1423419323739,0.92653640671239,1.0191900473836
1.6978515625003,1.1422473516058,0.92653231273311,1.0191855440064
1.6980468750003,1.1421528097459,0.92652821864562,1.0191810405102
1.6982421875003,1.1420583067937,0.92652412445156,1.0191765368967
1.6984375000003,1.1419638427488,0.92652003015258,1.0191720331678
1.6986328125003,1.1418694176108,0.92651593575031,1.0191675293253
1.6988281250003,1.141775031379,0.92651184124639,1.019163025371
1.6990234375003,1.1416806840531,0.92650774664247,1.0191585213067
1.6992187500003,1.1415863756323,0.92650365194017,1.0191540171342
1.6994140625003,1.1414921061161,0.92649955714114,1.0191495128553
1.6996093750003,1.1413978755038,0.92649546224701,1.0191450084717
1.6998046875003,1.1413036837949,0.92649136725941,1.0191405039853
1.7000000000003,1.1412095309886,0.92648727217997,1.019135999398
1.7001953125003,1.1412095309842,0.92648316627594,1.0191314829035
1.7003906250003,1.1410214669906,0.92647907280921,1.0191269800901
1.7005859375003,1.1409275868346,0.92647498014304,1.0191224781573
1.7007812500003,1.1408338077435,0.92647088827902,1.0191179771069
1.7009765625003,1.1407401295956,0.92646679721876,1.0191134769406
1.7011718750003,1.1406465522697,0.92646270696386,1.0191089776602
1.7013671875003,1.1405530756449,0.92645861751594,1.0191044792675
1.7015625000003,1.1404596996004,0.92645452887662,1.0190999817643
1.7017578125003,1.1403664240156,0.92645044104754,1.0190954851523
1.7019531250003,1.1402732487703,0.92644635403031,1.0190909894333
1.7021484375003,1.1401801737444,0.92644226782658,1.0190864946092
1.7023437500003,1.1400871988182,0.92643818243798,1.0190820006818
1.7025390625003,1.139994323872,0.92643409786617,1.0190775076528
1.7027343750003,1.1399015487865,0.92643001411278,1.0190730155241
1.7029296875003,1.1398088734426,0.92642593117949,1.0190685242974
1.7031250000003,1.1397162977214,0.92642184906794,1.0190640339747
1.7033203125003,1.1396238215042,0.9264177677798,1.0190595445578
1.7035156250003,1.1395314446727,0.92641368731673,1.0190550560484
1.7037109375003,1.1394391671085,0.92640960768041,1.0190505684485
1.7039062500003,1.1393469886936,0.92640552887251,1.0190460817598
1.7041015625003,1.1392549093103,0.92640145089471,1.0190415959842
1.7042968750003,1.1391629288411,0.92639737374868,1.0190371111236
1.7044921875003,1.1390710471685,0.92639329743612,1.0190326271797
1.7046875000003,1.1389792641754,0.92638922195871,1.0190281441546
1.7048828125003,1.1388875797448,0.92638514731814,1.01902366205
1.7050781250003,1.1387959937602,0.92638107351611,1.0190191808677
1.7052734375003,1.1387045061048,0.92637700055432,1.0190147006098
1.7054687500003,1.1386131166625,0.92637292843446,1.0190102212779
1.7056640625003,1.1385218253172,0.92636885715824,1.0190057428741
1.7058593750003,1.1384306319529,0.92636478672736,1.0190012654001
1.7060546875003,1.1383395364539,0.92636071714354,1.0189967888579
1.7062500000003,1.1382485387049,0.92635664840848,1.0189923132493
1.7064453125003,1.1381576385904,0.9263525805239,1.0189878385763
1.7066406250003,1.1380668359954,0.92634851349152,1.0189833648407
1.7068359375003,1.1379761308049,0.92634444731306,1.0189788920444
1.7070312500003,1.1378855229047,0.92634038199023,1.0189744201893
1.7072265625003,1.1377950121797,0.92633631752477,1.0189699492772
1.7074218750003,1.1377045985159,0.9263322539184,1.0189654793102
1.7076171875003,1.1376142817991,0.92632819117284,1.0189610102901
1.7078125000003,1.1375240619156,0.92632412928983,1.0189565422188
1.7080078125003,1.1374339387514,0.92632006827111,1.0189520750982
1.7082031250003,1.1373439121933,0.92631600811841,1.0189476089302
1.7083984375003,1.1372539821277,0.92631194883346,1.0189431437168
1.7085937500003,1.1371641484417,0.92630789041801,1.0189386794598
1.7087890625003,1.1370744110222,0.9263038328738,1.0189342161612
1.7089843750003,1.1369847697566,0.92629977620257,1.0189297538228
1.7091796875003,1.1368952245322,0.92629572040606,1.0189252924467
1.7093750000003,1.1368057752366,0.92629166548604,1.0189208320346
1.7095703125003,1.1367164217578,0.92628761144424,1.0189163725887
1.7097656250003,1.1366271639837,0.92628355828242,1.0189119141107
1.7099609375003,1.1365380018025,0.92627950600233,1.0189074566026
1.7101562500003,1.1364489351025,0.92627545460572,1.0189030000663
1.7103515625003,1.1363599637724,0.92627140409435,1.0188985445038
1.7105468750003,1.1362710877008,0.92626735446999,1.018894089917
1.7107421875003,1.1361823067767,0.92626330573439,1.0188896363078
1.7109375000003,1.1360936208892,0.92625925788931,1.0188851836782
1.7111328125003,1.1360050299276,0.92625521093652,1.0188807320302
1.7113281250003,1.1359165337814,0.92625116487778,1.0188762813656
1.7115234375003,1.1358281323401,0.92624711971486,1.0188718316863
1.7117187500003,1.1357398254937,0.92624307544952,1.0188673829945
1.7119140625003,1.1356516131322,0.92623903208354,1.0188629352919
1.7121093750003,1.1355634951456,0.92623498961869,1.0188584885806
1.7123046875003,1.1354754714245,0.92623094805673,1.0188540428624
1.7125000000003,1.1353875418593,0.92622690739945,1.0188495981394
1.7126953125003,1.1352997063407,0.92622286764862,1.0188451544135
1.7128906250003,1.1352119647597,0.92621882880601,1.0188407116866
1.7130859375003,1.1351243170073,0.9262147908734,1.0188362699607
1.7132812500003,1.1350367629748,0.92621075385257,1.0188318292378
1.7134765625003,1.1349493025535,0.92620671774531,1.0188273895198
1.7136718750003,1.1348619356351,0.92620268255339,1.0188229508087
1.7138671875003,1.1347746621114,0.92619864827859,1.0188185131065
1.7140625000003,1.1346874818742,0.92619461492271,1.018814076415
1.7142578125003,1.1346003948157,0.92619058248751,1.0188096407363
1.7144531250003,1.1345134008281,0.9261865509748,1.0188052060723
1.7146484375003,1.134426499804,0.92618252038636,1.018800772425
1.7148437500003,1.1343396916359,0.92617849072397,1.0187963397964
1.7150390625003,1.1342529762165,0.92617446198943,1.0187919081884
1.7152343750003,1.134166353439,0.92617043418452,1.018787477603
1.7154296875003,1.1340798231964,0.92616640731104,1.0187830480421
1.7156250000003,1.1339933853819,0.92616238137078,1.0187786195079
1.7158203125003,1.1339070398891,0.92615835636553,1.0187741920021
1.7160156250003,1.1338207866116,0.92615433229709,1.0187697655268
1.7162109375003,1.1337346254432,0.92615030916724,1.018765340084
1.7164062500003,1.1336485562779,0.9261462869778,1.0187609156756
1.7166015625003,1.1335625790097,0.92614226573054,1.0187564923036
1.7167968750003,1.1334766935329,0.92613824542728,1.01875206997
1.7169921875003,1.1333908997421,0.9261342260698,1.0187476486768
1.7171875000003,1.1333051975318,0.92613020765991,1.0187432284259
1.7173828125003,1.1332195867968,0.92612619019941,1.0187388092194
1.7175781250003,1.1331340674321,0.9261221736901,1.0187343910591
1.7177734375003,1.1330486393327,0.92611815813377,1.0187299739471
1.7179687500003,1.132963302394,0.92611414353223,1.0187255578855
1.7181640625003,1.1328780565114,0.92611012988729,1.018721142876
1.7183593750003,1.1327929015804,0.92610611720074,1.0187167289208
1.7185546875003,1.1327078374968,0.92610210547438,1.0187123160218
1.7187500000003,1.1326228641566,0.92609809471003,1.018707904181
1.7189453125003,1.1325379814557,0.92609408490949,1.0187034934004
1.7191406250003,1.1324531892905,0.92609007607455,1.018699083682
1.7193359375003,1.1323684875572,0.92608606820704,1.0186946750277
1.7195312500003,1.1322838761526,0.92608206130874,1.0186902674396
1.7197265625003,1.1321993549732,0.92607805538148,1.0186858609196
1.7199218750003,1.1321149239159,0.92607405042705,1.0186814554698
1.7201171875003,1.1320305828777,0.92607004644726,1.018677051092
1.7203125000003,1.1319463317559,0.92606604344392,1.0186726477883
1.7205078125003,1.1318621704477,0.92606204141884,1.0186682455607
1.7207031250003,1.1317780988506,0.92605804037383,1.0186638444112
1.7208984375003,1.1316941168624,0.92605404031069,1.0186594443418
1.7210937500003,1.1316102243806,0.92605004123124,1.0186550453544
1.7212890625003,1.1315264213034,0.92604604313728,1.018650647451
1.7214843750003,1.1314427075288,0.92604204603062,1.0186462506337
1.7216796875003,1.1313590829551,0.92603804991307,1.0186418549044
1.7218750000003,1.1312755474806,0.92603405478644,1.0186374602651
1.7220703125003,1.131192101004,0.92603006065255,1.0186330667178
1.7222656250003,1.1311087434239,0.92602606751319,1.0186286742645
1.7224609375003,1.1310254746392,0.92602207537018,1.0186242829072
1.7226562500003,1.1309422945489,0.92601808422534,1.0186198926479
1.7228515625003,1.1308592030522,0.92601409408046,1.0186155034885
1.7230468750003,1.1307762000484,0.92601010493736,1.0186111154311
1.7232421875003,1.1307762000446,0.92600610549151,1.0186067160407
1.7234375000003,1.130610459129,0.92600211837316,1.0186023302105
1.7236328125003,1.1305277210089,0.92599813226201,1.0185979454882
1.7238281250003,1.1304450709805,0.92599414715985,1.0185935618758
1.7240234375003,1.1303625089437,0.92599016306851,1.0185891793754
1.7242187500003,1.1302800347987,0.92598617998979,1.0185847979888
1.7244140625003,1.1301976484461,0.92598219792551,1.0185804177181
1.7246093750003,1.1301153497861,0.92597821687746,1.0185760385652
1.7248046875003,1.1300331387196,0.92597423684747,1.0185716605322
1.7250000000003,1.1299510151472,0.92597025783735,1.0185672836211
1.7251953125003,1.12986897897,0.92596627984889,1.0185629078338
1.7253906250003,1.1297870300889,0.92596230288391,1.0185585331723
1.7255859375003,1.1297051684053,0.92595832694422,1.0185541596386
1.7257812500003,1.1296233938205,0.92595435203164,1.0185497872348
1.7259765625003,1.129541706236,0.92595037814795,1.0185454159627
1.7261718750003,1.1294601055535,0.92594640529498,1.0185410458245
1.7263671875003,1.1293785916748,0.92594243347454,1.018536676822
1.7265625000003,1.1292971645018,0.92593846268842,1.0185323089573
1.7267578125003,1.1292158239367,0.92593449293844,1.0185279422323
1.7269531250003,1.1291345698816,0.9259305242264,1.018523576649
1.7271484375003,1.1290534022389,0.92592655655411,1.0185192122095
1.7273437500003,1.1289723209112,0.92592258992338,1.0185148489157
1.7275390625003,1.1288913258011,0.92591862433601,1.0185104867696
1.7277343750003,1.1288104168114,0.9259146597938,1.0185061257732
1.7279296875003,1.128729593845,0.92591069629857,1.0185017659284
1.7281250000003,1.1286488568051,0.92590673385211,1.0184974072373
1.7283203125003,1.1285682055947,0.92590277245622,1.0184930497018
1.7285156250003,1.1284876401174,0.92589881211272,1.018488693324
1.7287109375003,1.1284071602766,0.9258948528234,1.0184843381057
1.7289062500003,1.1283267659758,0.92589089459007,1.0184799840491
1.7291015625003,1.128246457119,0.92588693741452,1.018475631156
1.7292968750003,1.12816623361,0.92588298129856,1.0184712794284
1.7294921875003,1.1280860953528,0.92587902624399,1.0184669288684
1.7296875000003,1.1280060422517,0.9258750722526,1.0184625794779
1.7298828125003,1.1279260742109,0.9258711193262,1.0184582312588
1.7300781250003,1.127846191135,0.92586716746658,1.0184538842132
1.7302734375003,1.1277663929285,0.92586321667554,1.0184495383431
1.7304687500003,1.1276866794961,0.92585926695488,1.0184451936504
1.7306640625003,1.1276070507427,0.9258553183064,1.018440850137
1.7308593750003,1.1275275065733,0.92585137073187,1.0184365078051
1.7310546875003,1.1274480468931,0.92584742423312,1.0184321666564
1.7312500000003,1.1273686716073,0.92584347881191,1.0184278266931
1.7314453125003,1.1272893806213,0.92583953447006,1.0184234879171
1.7316406250003,1.1272101738407,0.92583559120935,1.0184191503303
1.7318359375003,1.1271310511711,0.92583164903156,1.0184148139347
1.7320312500003,1.1270520125184,0.9258277079385,1.0184104787324
1.7322265625003,1.1269730577884,0.92582376793195,1.0184061447251
1.7324218750003,1.1268941868873,0.9258198290137,1.0184018119151
1.7326171875003,1.1268153997212,0.92581589118554,1.0183974803041
1.7328125000003,1.1267366961964,0.92581195444924,1.0183931498942
1.7330078125003,1.1266580762196,0.92580801880661,1.0183888206873
1.7332031250003,1.1265795396971,0.92580408425942,1.0183844926854
1.7333984375003,1.1265010865358,0.92580015080945,1.0183801658904
1.7335937500003,1.1264227166426,0.9257962184585,1.0183758403043
1.7337890625003,1.1263444299244,0.92579228720833,1.0183715159292
1.7339843750003,1.1262662262883,0.92578835706074,1.0183671927668
1.7341796875003,1.1261881056415,0.92578442801749,1.0183628708192
1.7343750000003,1.1261100678916,0.92578050008037,1.0183585500884
1.7345703125003,1.1260321129459,0.92577657325116,1.0183542305763
1.7347656250003,1.125954240712,0.92577264753164,1.0183499122848
1.7349609375003,1.1258764510979,0.92576872292356,1.0183455952159
1.7351562500003,1.1257987440112,0.92576479942872,1.0183412793716
1.7353515625003,1.1257211193602,0.92576087704889,1.0183369647538
1.7355468750003,1.1256435770528,0.92575695578582,1.0183326513644
1.7357421875003,1.1255661169975,0.92575303564131,1.0183283392054
1.7359375000003,1.1254887391025,0.92574911661711,1.0183240282788
1.7361328125003,1.1254114432764,0.92574519871499,1.0183197185865
1.7363281250003,1.1253342294279,0.92574128193671,1.0183154101304
1.7365234375003,1.1252570974657,0.92573736628406,1.0183111029125
1.7367187500003,1.1251800472988,0.92573345175878,1.0183067969347
1.7369140625003,1.1251030788361,0.92572953836264,1.0183024921989
1.7371093750003,1.1250261919868,0.92572562609741,1.0182981887071
1.7373046875003,1.1249493866603,0.92572171496484,1.0182938864613
1.7375000000003,1.1248726627658,0.92571780496669,1.0182895854634
1.7376953125003,1.124796020213,0.92571389610472,1.0182852857152
1.7378906250003,1.1247194589115,0.92570998838069,1.0182809872188
1.7380859375003,1.124642978771,0.92570608179634,1.018276689976
1.7382812500003,1.1245665797015,0.92570217635344,1.0182723939888
1.7384765625003,1.124490261613,0.92569827205374,1.0182680992591
1.7386718750003,1.1244140244156,0.92569436889898,1.0182638057889
1.7388671875003,1.1243378680196,0.92569046689092,1.01825951358
1.7390625000003,1.1242617923353,0.9256865660313,1.0182552226344
1.7392578125003,1.1241857972734,0.92568266632188,1.0182509329541
1.7394531250003,1.1241098827443,0.92567876776438,1.0182466445408
1.7396484375003,1.124034048659,0.92567487036057,1.0182423573966
1.7398437500003,1.1239582949281,0.92567097411217,1.0182380715234
1.7400390625003,1.1238826214628,0.92566707902093,1.018233786923
1.7402343750003,1.1238070281742,0.92566318508859,1.0182295035975
1.7404296875003,1.1237315149735,0.92565929231689,1.0182252215486
1.7406250000003,1.123656081772,0.92565540070755,1.0182209407783
1.7408203125003,1.1235807284812,0.92565151026233,1.0182166612886
1.7410156250003,1.1235054550128,0.92564762098293,1.0182123830812
1.7412109375003,1.1234302612783,0.92564373287111,1.0182081061582
1.7414062500003,1.1233551471898,0.92563984592859,1.0182038305214
1.7416015625003,1.123280112659,0.92563596015709,1.0181995561728
1.7417968750003,1.1232051575982,0.92563207555834,1.0181952831142
1.7419921875003,1.1231302819194,0.92562819213406,1.0181910113475
1.7421875000003,1.123055485535,0.92562430988599,1.0181867408746
1.7423828125003,1.1229807683573,0.92562042881583,1.0181824716974
1.7425781250003,1.1229061302991,0.92561654892531,1.0181782038178
1.7427734375003,1.1228315712728,0.92561267021614,1.0181739372378
1.7429687500003,1.1227570911913,0.92560879269005,1.018169671959
1.7431640625003,1.1226826899675,0.92560491634873,1.0181654079836
1.7433593750003,1.1226083675143,0.92560104119392,1.0181611453133
1.7435546875003,1.1225341237449,0.92559716722732,1.01815688395
1.7437500000003,1.1224599585726,0.92559329445063,1.0181526238957
1.7439453125003,1.1223858719106,0.92558942286556,1.0181483651521
1.7441406250003,1.1223118636725,0.92558555247383,1.0181441077212
1.7443359375003,1.1222379337719,0.92558168327712,1.0181398516048
1.7445312500003,1.1221640821224,0.92557781527715,1.0181355968049
1.7447265625003,1.1220903086378,0.92557394847561,1.0181313433232
1.7449218750003,1.1220166132321,0.92557008287421,1.0181270911616
1.7451171875003,1.1219429958194,0.92556621847463,1.0181228403221
1.7453125000003,1.1218694563137,0.92556235527857,1.0181185908064
1.7455078125003,1.1217959946294,0.92555849328773,1.0181143426165
1.7457031250003,1.1217226106808,0.92555463250378,1.0181100957542
1.7458984375003,1.1216493043825,0.92555077292844,1.0181058502213
1.7460937500003,1.121576075649,0.92554691456337,1.0181016060197
1.7462890625003,1.121502924395,0.92554305741026,1.0180973631513
1.7464843750003,1.1214298505355,0.9255392014708,1.0180931216179
1.7466796875003,1.1213568539852,0.92553534674666,1.0180888814213
1.7468750000003,1.1212839346594,0.92553149323954,1.0180846425635
1.7470703125003,1.1212110924732,0.92552764095109,1.0180804050462
1.7472656250003,1.1211383273417,0.925523789883,1.0180761688713
1.7474609375003,1.1210656391806,0.92551994003694,1.0180719340406
1.7476562500003,1.1209930279051,0.92551609141459,1.018067700556
1.7478515625003,1.1209204934311,0.9255122440176,1.0180634684194
1.7480468750003,1.1208480356741,0.92550839784765,1.0180592376324
1.7482421875003,1.12077565455,0.92550455290639,1.018055008197
1.7484375000003,1.1207033499748,0.92550070919551,1.0180507801151
1.7486328125003,1.1207033499714,0.92549685619593,1.0180465418155
1.7488281250003,1.1205589701449,0.92549301496538,1.0180423164619
1.7490234375003,1.1204868947195,0.92548917497014,1.0180380924672
1.7492187500003,1.1204148955078,0.92548533621189,1.0180338698331
1.7494140625003,1.1203429724263,0.92548149869226,1.0180296485615
1.7496093750003,1.1202711253916,0.92547766241291,1.0180254286542
1.7498046875003,1.1201993543204,0.92547382737549,1.018021210113
1.7500000000003,1.1201276591296,0.92546999358163,1.0180169929398
1.7501953125003,1.1200560397359,0.925466161033,1.0180127771363
1.7503906250003,1.1199844960566,0.92546232973123,1.0180085627043
1.7505859375003,1.1199130280086,0.92545849967795,1.0180043496457
1.7507812500003,1.1198416355093,0.92545467087481,1.0180001379623
1.7509765625003,1.119770318476,0.92545084332343,1.0179959276558
1.7511718750003,1.1196990768262,0.92544701702547,1.017991718728
1.7513671875003,1.1196279104774,0.92544319198253,1.0179875111808
1.7515625000003,1.1195568193474,0.92543936819626,1.0179833050159
1.7517578125003,1.1194858033538,0.92543554566828,1.0179791002351
1.7519531250003,1.1194148624146,0.92543172440021,1.0179748968402
1.7521484375003,1.1193439964478,0.92542790439368,1.017970694833
1.7523437500003,1.1192732053714,0.9254240856503,1.0179664942153
1.7525390625003,1.1192024891037,0.9254202681717,1.0179622949889
1.7527343750003,1.119131847563,0.92541645195948,1.0179580971554
1.7529296875003,1.1190612806677,0.92541263701526,1.0179539007168
1.7531250000003,1.1189907883362,0.92540882334066,1.0179497056747
1.7533203125003,1.1189203704873,0.92540501093727,1.017945512031
1.7535156250003,1.1188500270396,0.92540119980671,1.0179413197874
1.7537109375003,1.1187797579121,0.92539738995058,1.0179371289456
1.7539062500003,1.1187095630235,0.92539358137048,1.0179329395075
1.7541015625003,1.118639442293,0.92538977406802,1.0179287514748
1.7542968750003,1.1185693956396,0.92538596804478,1.0179245648493
1.7544921875003,1.1184994229827,0.92538216330236,1.0179203796326
1.7546875000003,1.1184295242416,0.92537835984235,1.0179161958266
1.7548828125003,1.1183596993357,0.92537455766635,1.017912013433
1.7550781250003,1.1182899481847,0.92537075677594,1.0179078324535
1.7552734375003,1.118220270708,0.92536695717271,1.01790365289
1.7554687500003,1.1181506668256,0.92536315885823,1.0178994747441
1.7556640625003,1.1180811364572,0.9253593618341,1.0178952980175
1.7558593750003,1.1180116795228,0.92535556610188,1.0178911227121
1.7560546875003,1.1179422959425,0.92535177166316,1.0178869488295
1.7562500000003,1.1178729856364,0.9253479785195,1.0178827763714
1.7564453125003,1.1178037485249,0.92534418667248,1.0178786053397
1.7566406250003,1.1177345845283,0.92534039612366,1.017874435736
1.7568359375003,1.117665493567,0.92533660687462,1.0178702675621
1.7570312500003,1.1175964755616,0.9253328189269,1.0178661008196
1.7572265625003,1.1175275304328,0.92532903228209,1.0178619355103
1.7574218750003,1.1174586581014,0.92532524694173,1.0178577716359
1.7576171875003,1.1173898584881,0.92532146290738,1.0178536091981
1.7578125000003,1.1173211315141,0.92531768018059,1.0178494481987
1.7580078125003,1.1172524771004,0.92531389876292,1.0178452886392
1.7582031250003,1.117183895168,0.92531011865591,1.0178411305215
1.7583984375003,1.1171153856384,0.92530633986111,1.0178369738472
1.7585937500003,1.1170469484329,0.92530256238007,1.0178328186181
1.7587890625003,1.1169785834729,0.92529878621432,1.0178286648358
1.7589843750003,1.1169102906799,0.92529501136541,1.0178245125019
1.7591796875003,1.1168420699758,0.92529123783486,1.0178203616183
1.7593750000003,1.1167739212822,0.92528746562422,1.0178162121866
1.7595703125003,1.1167058445209,0.92528369473501,1.0178120642085
1.7597656250003,1.116637839614,0.92527992516877,1.0178079176856
1.7599609375003,1.1165699064835,0.92527615692701,1.0178037726197
1.7601562500003,1.1165020450516,0.92527239001127,1.0177996290124
1.7603515625003,1.1164342552404,0.92526862442307,1.0177954868654
1.7605468750003,1.1163665369724,0.92526486016392,1.0177913461803
1.7607421875003,1.1162988901701,0.92526109723533,1.0177872069589
1.7609375000003,1.1162313147558,0.92525733563883,1.0177830692027
1.7611328125003,1.1161638106524,0.92525357537592,1.0177789329135
1.7613281250003,1.1160963777824,0.92524981644811,1.0177747980929
1.7615234375003,1.1160290160688,0.92524605885691,1.0177706647426
1.7617187500003,1.1159617254345,0.92524230260382,1.0177665328642
1.7619140625003,1.1158945058025,0.92523854769033,1.0177624024594
1.7621093750003,1.1158273570959,0.92523479411796,1.0177582735298
1.7623046875003,1.115760279238,0.92523104188819,1.017754146077
1.7625000000003,1.115693272152,0.92522729100251,1.0177500201028
1.7626953125003,1.1156263357613,0.92522354146242,1.0177458956087
1.7628906250003,1.1155594699896,0.9252197932694,1.0177417725963
1.7630859375003,1.1154926747603,0.92521604642494,1.0177376510674
1.7632812500003,1.1154259499971,0.92521230093052,1.0177335310236
1.7634765625003,1.1153592956239,0.92520855678762,1.0177294124664
1.7636718750003,1.1152927115645,0.92520481399772,1.0177252953975
1.7638671875003,1.1152261977429,0.92520107256228,1.0177211798185
1.7640625000003,1.1151597540831,0.92519733248279,1.0177170657311
1.7642578125003,1.1150933805094,0.9251935937607,1.0177129531368
1.7644531250003,1.115027076946,0.92518985639749,1.0177088420372
1.7646484375003,1.1149608433172,0.92518612039463,1.0177047324341
1.7648437500003,1.1148946795475,0.92518238575356,1.0177006243289
1.7650390625003,1.1148285855614,0.92517865247575,1.0176965177233
1.7652343750003,1.1147625612836,0.92517492056266,1.0176924126189
1.7654296875003,1.1146966066387,0.92517119001573,1.0176883090173
1.7656250000003,1.1146307215516,0.92516746083642,1.0176842069201
1.7658203125003,1.1145649059472,0.92516373302618,1.0176801063288
1.7660156250003,1.1144991597505,0.92516000658644,1.0176760072451
1.7662109375003,1.1144334828867,0.92515628151865,1.0176719096705
1.7664062500003,1.1143678752808,0.92515255782426,1.0176678136067
1.7666015625003,1.1143023368581,0.92514883550469,1.0176637190552
1.7667968750003,1.1142368675441,0.92514511456138,1.0176596260175
1.7669921875003,1.1141714672642,0.92514139499576,1.0176555344953
1.7671875000003,1.1141061359439,0.92513767680926,1.0176514444902
1.7673828125003,1.1140408735089,0.92513396000331,1.0176473560036
1.7675781250003,1.1139756798849,0.92513024457932,1.0176432690373
1.7677734375003,1.1139105549978,0.92512653053872,1.0176391835926
1.7679687500003,1.1138454987734,0.92512281788293,1.0176350996712
1.7681640625003,1.1137805111378,0.92511910661335,1.0176310172747
1.7683593750003,1.1137155920171,0.92511539673141,1.0176269364046
1.7685546875003,1.1136507413375,0.92511168823851,1.0176228570624
1.7687500000003,1.1135859590252,0.92510798113606,1.0176187792497
1.7689453125003,1.1135212450065,0.92510427542545,1.017614702968
1.7691406250003,1.1134565992081,0.92510057110809,1.0176106282189
1.7693359375003,1.1133920215564,0.92509686818539,1.0176065550039
1.7695312500003,1.113327511978,0.92509316665873,1.0176024833246
1.7697265625003,1.1132630703997,0.9250894665295,1.0175984131825
1.7699218750003,1.1131986967483,0.9250857677991,1.017594344579
1.7701171875003,1.1131343909507,0.92508207046891,1.0175902775158
1.7703125000003,1.1130701529339,0.92507837454032,1.0175862119944
1.7705078125003,1.113005982625,0.92507468001471,1.0175821480162
1.7707031250003,1.1129418799511,0.92507098689345,1.0175780855828
1.7708984375003,1.1129418799482,0.92506728549208,1.0175740140413
1.7710937500003,1.1128138772262,0.92506359519713,1.0175699547168
1.7712890625003,1.1127499770271,0.92505990631064,1.0175658969417
1.7714843750003,1.1126861441725,0.92505621883397,1.0175618407174
1.7716796875003,1.1126223785902,0.92505253276849,1.0175577860453
1.7718750000003,1.1125586802079,0.92504884811556,1.0175537329271
1.7720703125003,1.1124950489531,0.92504516487654,1.0175496813642
1.7722656250003,1.112431484754,0.92504148305279,1.0175456313581
1.7724609375003,1.1123679875385,0.92503780264565,1.0175415829102
1.7726562500003,1.1123045572345,0.92503412365648,1.0175375360221
1.7728515625003,1.1122411937702,0.92503044608663,1.0175334906953
1.7730468750003,1.1121778970739,0.92502676993743,1.0175294469312
1.7732421875003,1.1121146670739,0.92502309521024,1.0175254047313
1.7734375000003,1.1120515036985,0.92501942190639,1.017521364097
1.7736328125003,1.1119884068762,0.92501575002721,1.0175173250299
1.7738281250003,1.1119253765357,0.92501207957404,1.0175132875314
1.7740234375003,1.1118624126056,0.92500841054821,1.017509251603
1.7742187500003,1.1117995150145,0.92500474295104,1.0175052172461
1.7744140625003,1.1117366836914,0.92500107678387,1.0175011844623
1.7746093750003,1.1116739185651,0.92499741204801,1.0174971532528
1.7748046875003,1.1116112195647,0.92499374874478,1.0174931236193
1.7750000000003,1.1115485866192,0.92499008687549,1.017489095563
1.7751953125003,1.1114860196578,0.92498642644147,1.0174850690856
1.7753906250003,1.1114235186098,0.92498276744401,1.0174810441884
1.7755859375003,1.1113610834044,0.92497910988443,1.0174770208729
1.7757812500003,1.1112987139712,0.92497545376403,1.0174729991404
1.7759765625003,1.1112364102396,0.92497179908412,1.0174689789925
1.7761718750003,1.1111741721392,0.92496814584598,1.0174649604306
1.7763671875003,1.1111119995996,0.92496449405093,1.017460943456
1.7765625000003,1.1110498925508,0.92496084370024,1.0174569280703
1.7767578125003,1.1109878509224,0.92495719479521,1.0174529142747
1.7769531250003,1.1109258746445,0.92495354733713,1.0174489020708
1.7771484375003,1.110863963647,0.92494990132727,1.01744489146
1.7773437500003,1.1108021178601,0.92494625676693,1.0174408824436
1.7775390625003,1.1107403372139,0.92494261365738,1.0174368750231
1.7777343750003,1.1106786216387,0.92493897199989,1.0174328691999
1.7779296875003,1.1106169710648,0.92493533179574,1.0174288649753
1.7781250000003,1.1105553854226,0.9249316930462,1.0174248623508
1.7783203125003,1.1104938646427,0.92492805575253,1.0174208613278
1.7785156250003,1.1104324086557,0.92492441991599,1.0174168619076
1.7787109375003,1.1103710173923,0.92492078553786,1.0174128640916
1.7789062500003,1.1103096907831,0.92491715261938,1.0174088678813
1.7791015625003,1.1102484287591,0.92491352116181,1.017404873278
1.7792968750003,1.1101872312512,0.92490989116641,1.017400880283
1.7794921875003,1.1101260981904,0.92490626263441,1.0173968888979
1.7796875000003,1.1100650295078,0.92490263556707,1.0173928991238
1.7798828125003,1.1100040251345,0.92489900996564,1.0173889109622
1.7800781250003,1.1099430850018,0.92489538583134,1.0173849244145
1.7802734375003,1.109882209041,0.92489176316543,1.017380939482
1.7804687500003,1.1098213971836,0.92488814196913,1.017376956166
1.7806640625003,1.1097606493611,0.92488452224367,1.017372974468
1.7808593750003,1.109699965505,0.92488090399028,1.0173689943893
1.7810546875003,1.109639345547,0.9248772872102,1.0173650159312
1.7812500000003,1.1095787894188,0.92487367190463,1.0173610390951
1.7814453125003,1.1095182970523,0.92487005807481,1.0173570638823
1.7816406250003,1.1094578683794,0.92486644572194,1.0173530902941
1.7818359375003,1.109397503332,0.92486283484725,1.017349118332
1.7820312500003,1.1093372018422,0.92485922545194,1.0173451479971
1.7822265625003,1.1092769638422,0.92485561753722,1.0173411792909
1.7824218750003,1.1092167892642,0.9248520111043,1.0173372122147
1.7826171875003,1.1091566780404,0.92484840615437,1.0173332467698
1.7828125000003,1.1090966301033,0.92484480268864,1.0173292829575
1.7830078125003,1.1090366453854,0.92484120070831,1.0173253207791
1.7832031250003,1.1089767238191,0.92483760021456,1.017321360236
1.7833984375003,1.1089168653372,0.92483400120859,1.0173174013294
1.7835937500003,1.1088570698722,0.92483040369158,1.0173134440607
1.7837890625003,1.1087973373571,0.92482680766472,1.0173094884312
1.7839843750003,1.1087376677246,0.92482321312919,1.0173055344421
1.7841796875003,1.1086780609077,0.92481962008617,1.0173015820948
1.7843750000003,1.1086185168394,0.92481602853683,1.0172976313905
1.7845703125003,1.1085590354528,0.92481243848235,1.0172936823306
1.7847656250003,1.1084996166811,0.9248088499239,1.0172897349163
1.7849609375003,1.1084402604576,0.92480526286263,1.0172857891489
1.7851562500003,1.1083809667156,0.92480167729973,1.0172818450297
1.7853515625003,1.1083217353884,0.92479809323634,1.01727790256
1.7855468750003,1.1082625664096,0.92479451067362,1.017273961741
1.7857421875003,1.1082034597128,0.92479092961274,1.017270022574
1.7859375000003,1.1081444152316,0.92478735005484,1.0172660850603
1.7861328125003,1.1080854328998,0.92478377200106,1.0172621492012
1.7863281250003,1.108026512651,0.92478019545257,1.0172582149978
1.7865234375003,1.1079676544193,0.92477662041049,1.0172542824515
1.7867187500003,1.1079088581385,0.92477304687597,1.0172503515636
1.7869140625003,1.1078501237428,0.92476947485015,1.0172464223352
1.7871093750003,1.1077914511661,0.92476590433415,1.0172424947676
1.7873046875003,1.1077328403428,0.92476233532912,1.017238568862
1.7875000000003,1.107674291207,0.92475876783618,1.0172346446198
1.7876953125003,1.1076158036932,0.92475520185645,1.0172307220421
1.7878906250003,1.1075573777357,0.92475163739106,1.0172268011302
1.7880859375003,1.107499013269,0.92474807444112,1.0172228818852
1.7882812500003,1.1074407102277,0.92474451300776,1.0172189643085
1.7884765625003,1.1073824685465,0.92474095309208,1.0172150484013
1.7886718750003,1.1073242881601,0.92473739469519,1.0172111341647
1.7888671875003,1.1072661690032,0.92473383781821,1.0172072216
1.7890625000003,1.1072081110109,0.92473028246224,1.0172033107085
1.7892578125003,1.1071501141179,0.92472672862837,1.0171994014912
1.7894531250003,1.1070921782594,0.92472317631771,1.0171954939495
1.7896484375003,1.1070343033704,0.92471962553135,1.0171915880845
1.7898437500003,1.1069764893862,0.92471607627039,1.0171876838974
1.7900390625003,1.106918736242,0.92471252853591,1.0171837813895
1.7902343750003,1.106861043873,0.924708982329,1.0171798805619
1.7904296875003,1.1068034122148,0.92470543765074,1.0171759814158
1.7906250000003,1.1067458412029,0.92470189450222,1.0171720839524
1.7908203125003,1.1067458412004,0.92469834397798,1.0171681783758
1.7910156250003,1.1066308808674,0.92469480390456,1.017164284295
1.7912109375003,1.1065734914128,0.92469126536409,1.0171603919005
1.7914062500003,1.106516162347,0.92468772835763,1.0171565011934
1.7916015625003,1.1064588936059,0.92468419288625,1.0171526121749
1.7917968750003,1.1064016851255,0.92468065895101,1.0171487248461
1.7919921875003,1.1063445368418,0.92467712655297,1.0171448392083
1.7921875000003,1.1062874486908,0.92467359569318,1.0171409552625
1.7923828125003,1.1062304206087,0.9246700663727,1.01713707301
1.7925781250003,1.1061734525317,0.92466653859259,1.0171331924518
1.7927734375003,1.1061165443961,0.92466301235388,1.0171293135893
1.7929687500003,1.1060596961384,0.92465948765763,1.0171254364234
1.7931640625003,1.1060029076949,0.92465596450487,1.0171215609554
1.7933593750003,1.1059461790022,0.92465244289665,1.0171176871863
1.7935546875003,1.1058895099968,0.924648922834,1.0171138151174
1.7937500000003,1.1058329006155,0.92464540431795,1.0171099447497
1.7939453125003,1.1057763507949,0.92464188734954,1.0171060760845
1.7941406250003,1.105719860472,0.92463837192978,1.0171022091228
1.7943359375003,1.1056634295835,0.92463485805972,1.0170983438657
1.7945312500003,1.1056070580665,0.92463134574035,1.0170944803144
1.7947265625003,1.1055507458579,0.92462783497272,1.01709061847
1.7949218750003,1.105494492895,0.92462432575782,1.0170867583336
1.7951171875003,1.1054382991148,0.92462081809667,1.0170828999063
1.7953125000003,1.1053821644546,0.92461731199028,1.0170790431893
1.7955078125003,1.1053260888517,0.92461380743966,1.0170751881836
1.7957031250003,1.1052700722436,0.92461030444581,1.0170713348904
1.7958984375003,1.1052141145677,0.92460680300973,1.0170674833107
1.7960937500003,1.1051582157616,0.92460330313242,1.0170636334457
1.7962890625003,1.1051023757627,0.92459980481487,1.0170597852964
1.7964843750003,1.105046594509,0.92459630805808,1.0170559388639
1.7966796875003,1.104990871938,0.92459281286303,1.0170520941493
1.7968750000003,1.1049352079877,0.92458931923071,1.0170482511538
1.7970703125003,1.1048796025958,0.92458582716209,1.0170444098783
1.7972656250003,1.1048240557005,0.92458233665817,1.017040570324
1.7974609375003,1.1047685672397,0.92457884771991,1.0170367324919
1.7976562500003,1.1047131371516,0.9245753603483,1.0170328963831
1.7978515625003,1.1046577653743,0.92457187454429,1.0170290619987
1.7980468750003,1.1046024518461,0.92456839030887,1.0170252293398
1.7982421875003,1.1045471965053,0.92456490764299,1.0170213984073
1.7984375000003,1.1044919992902,0.92456142654761,1.0170175692024
1.7986328125003,1.1044368601395,0.9245579470237,1.0170137417261
1.7988281250003,1.1043817789916,0.92455446907221,1.0170099159794
1.7990234375003,1.1043267557851,0.9245509926941,1.0170060919635
1.7992187500003,1.1042717904587,0.92454751789031,1.0170022696793
1.7994140625003,1.1042168829512,0.92454404466178,1.016998449128
1.7996093750003,1.1041620332013,0.92454057300948,1.0169946303104
1.7998046875003,1.104107241148,0.92453710293433,1.0169908132278
1.8000000000003,1.1040525067302,0.92453363443727,1.016986997881
1.8001953125003,1.103997829887,0.92453016751925,1.0169831842712
1.8003906250003,1.1039432105574,0.92452670218118,1.0169793723993
1.8005859375003,1.1038886486806,0.92452323842401,1.0169755622664
1.8007812500003,1.1038341441959,0.92451977624865,1.0169717538735
1.8009765625003,1.1037796970425,0.92451631565604,1.0169679472216
1.8011718750003,1.1037253071598,0.92451285664709,1.0169641423118
1.8013671875003,1.1036709744874,0.92450939922272,1.016960339145
1.8015625000003,1.1036166989646,0.92450594338384,1.0169565377222
1.8017578125003,1.1035624805311,0.92450248913137,1.0169527380445
1.8019531250003,1.1035083191265,0.92449903646621,1.0169489401128
1.8021484375003,1.1034542146906,0.92449558538927,1.0169451439282
1.8023437500003,1.1034001671631,0.92449213590146,1.0169413494916
1.8025390625003,1.103346176484,0.92448868800367,1.016937556804
1.8027343750003,1.1032922425931,0.9244852416968,1.0169337658665
1.8029296875003,1.1032383654304,0.92448179698175,1.0169299766799
1.8031250000003,1.103184544936,0.9244783538594,1.0169261892453
1.8033203125003,1.10313078105,0.92447491233065,1.0169224035637
1.8035156250003,1.1030770737126,0.92447147239638,1.016918619636
1.8037109375003,1.1030234228642,0.92446803405747,1.0169148374632
1.8039062500003,1.1029698284449,0.9244645973148,1.0169110570463
1.8041015625003,1.1029162903953,0.92446116216925,1.0169072783862
1.8042968750003,1.1028628086558,0.92445772862169,1.0169035014839
1.8044921875003,1.102809383167,0.92445429667299,1.0168997263403
1.8046875000003,1.1027560138694,0.92445086632402,1.0168959529564
1.8048828125003,1.1027027007037,0.92444743757565,1.0168921813332
1.8050781250003,1.1026494436108,0.92444401042874,1.0168884114716
1.8052734375003,1.1025962425312,0.92444058488414,1.0168846433726
1.8054687500003,1.1025430974061,0.92443716094272,1.016880877037
1.8056640625003,1.1024900081763,0.92443373860532,1.0168771124659
1.8058593750003,1.1024369747828,0.9244303178728,1.0168733496601
1.8060546875003,1.1023839971666,0.924426898746,1.0168695886206
1.8062500000003,1.1023310752691,0.92442348122577,1.0168658293483
1.8064453125003,1.1022782090312,0.92442006531294,1.0168620718442
1.8066406250003,1.1022253983944,0.92441665100837,1.0168583161092
1.8068359375003,1.1021726433,0.92441323831288,1.0168545621442
1.8070312500003,1.1021199436894,0.92440982722731,1.01685080995
1.8072265625003,1.102067299504,0.92440641775248,1.0168470595277
1.8074218750003,1.1020147106855,0.92440300988923,1.0168433108782
1.8076171875003,1.1019621771753,0.92439960363838,1.0168395640022
1.8078125000003,1.1019096989153,0.92439619900074,1.0168358189008
1.8080078125003,1.1018572758471,0.92439279597715,1.0168320755749
1.8082031250003,1.1018049079125,0.9243893945684,1.0168283340252
1.8083984375003,1.1017525950534,0.92438599477533,1.0168245942529
1.8085937500003,1.1017003372118,0.92438259659872,1.0168208562586
1.8087890625003,1.1017003372096,0.92437919183138,1.0168171110145
1.8089843750003,1.1015959863559,0.92437579690161,1.0168133765918
1.8091796875003,1.1015438932235,0.92437240359071,1.0168096439498
1.8093750000003,1.101491854877,0.92436901189948,1.0168059130894
1.8095703125003,1.1014398712585,0.92436562182872,1.0168021840116
1.8097656250003,1.1013879423106,0.92436223337922,1.0167984567171
1.8099609375003,1.1013360679754,0.92435884655176,1.0167947312069
1.8101562500003,1.1012842481956,0.92435546134715,1.0167910074819
1.8103515625003,1.1012324829137,0.92435207776615,1.0167872855428
1.8105468750003,1.1011807720722,0.92434869580955,1.0167835653905
1.8107421875003,1.1011291156137,0.92434531547813,1.0167798470259
1.8109375000003,1.1010775134811,0.92434193677266,1.0167761304499
1.8111328125003,1.101025965617,0.92433855969392,1.0167724156633
1.8113281250003,1.1009744719644,0.92433518424268,1.0167687026669
1.8115234375003,1.1009230324662,0.92433181041969,1.0167649914617
1.8117187500003,1.1008716470659,0.92432843822574,1.0167612820483
1.8119140625003,1.1008203157053,0.92432506766157,1.0167575744277
1.8121093750003,1.1007690383283,0.92432169872794,1.0167538686007
1.8123046875003,1.1007178148779,0.92431833142562,1.0167501645682
1.8125000000003,1.1006666452975,0.92431496575535,1.0167464623309
1.8126953125003,1.1006155295302,0.92431160171787,1.0167427618897
1.8128906250003,1.1005644675194,0.92430823931395,1.0167390632453
1.8130859375003,1.1005134592087,0.92430487854432,1.0167353663988
1.8132812500003,1.1004625045414,0.92430151940973,1.0167316713507
1.8134765625003,1.1004116034611,0.9242981619109,1.016727978102
1.8136718750003,1.1003607559115,0.92429480604858,1.0167242866534
1.8138671875003,1.1003099618362,0.9242914518235,1.0167205970059
1.8140625000003,1.1002592211789,0.92428809923639,1.01671690916
1.8142578125003,1.1002085338836,0.92428474828798,1.0167132231168
1.8144531250003,1.1001578998939,0.92428139897899,1.0167095388769
1.8146484375003,1.1001073191539,0.92427805131013,1.0167058564411
1.8148437500003,1.1000567916076,0.92427470528214,1.0167021758104
1.8150390625003,1.100006317199,0.92427136089572,1.0166984969853
1.8152343750003,1.0999558958723,0.92426801815158,1.0166948199667
1.8154296875003,1.0999055275716,0.92426467705045,1.0166911447555
1.8156250000003,1.0998552122411,0.92426133759301,1.0166874713523
1.8158203125003,1.0998049498252,0.92425799977999,1.016683799758
1.8160156250003,1.0997547402683,0.92425466361208,1.0166801299733
1.8162109375003,1.0997045835147,0.92425132908997,1.016676461999
1.8164062500003,1.099654479509,0.92424799621437,1.0166727958358
1.8166015625003,1.0996044281957,0.92424466498596,1.0166691314846
1.8167968750003,1.0995544295195,0.92424133540544,1.016665468946
1.8169921875003,1.099504483425,0.9242380074735,1.0166618082208
1.8171875000003,1.099454589857,0.92423468119081,1.0166581493099
1.8173828125003,1.0994047487603,0.92423135655807,1.0166544922139
1.8175781250003,1.0993549600797,0.92422803357594,1.0166508369335
1.8177734375003,1.0993052237601,0.92422471224511,1.0166471834696
1.8179687500003,1.0992555397467,0.92422139256625,1.0166435318229
1.8181640625003,1.0992059079843,0.92421807454003,1.016639881994
1.8183593750003,1.0991563284182,0.92421475816711,1.0166362339838
1.8185546875003,1.0991068009934,0.92421144344817,1.016632587793
1.8187500000003,1.0990573256553,0.92420813038386,1.0166289434222
1.8189453125003,1.0990079023491,0.92420481897485,1.0166253008723
1.8191406250003,1.0989585310202,0.92420150922179,1.016621660144
1.8193359375003,1.098909211614,0.92419820112533,1.0166180212379
1.8195312500003,1.098859944076,0.92419489468613,1.0166143841547
1.8197265625003,1.0988107283517,0.92419158990483,1.0166107488953
1.8199218750003,1.0987615643867,0.92418828678208,1.0166071154603
1.8201171875003,1.0987124521266,0.92418498531853,1.0166034838504
1.8203125000003,1.0986633915173,0.9241816855148,1.0165998540663
1.8205078125003,1.0986143825045,0.92417838737155,1.0165962261087
1.8207031250003,1.0985654250339,0.9241750908894,1.0165925999783
1.8208984375003,1.0985165190516,0.92417179606899,1.0165889756759
1.8210937500003,1.0984676645035,0.92416850291094,1.016585353202
1.8212890625003,1.0984188613356,0.92416521141588,1.0165817325575
1.8214843750003,1.098370109494,0.92416192158444,1.0165781137429
1.8216796875003,1.0983214089248,0.92415863341723,1.016574496759
1.8218750000003,1.0982727595742,0.92415534691488,1.0165708816064
1.8220703125003,1.0982241613886,0.92415206207799,1.0165672682858
1.8222656250003,1.0981756143141,0.92414877890719,1.0165636567979
1.8224609375003,1.0981271182973,0.92414549740308,1.0165600471434
1.8226562500003,1.0980786732845,0.92414221756627,1.0165564393229
1.8228515625003,1.0980302792222,0.92413893939736,1.0165528333371
1.8230468750003,1.0979819360571,0.92413566289695,1.0165492291866
1.8232421875003,1.0979336437356,0.92413238806565,1.0165456268722
1.8234375000003,1.0978854022046,0.92412911490405,1.0165420263945
1.8236328125003,1.0978372114107,0.92412584341274,1.016538427754
1.8238281250003,1.0977890713007,0.92412257359231,1.0165348309515
1.8240234375003,1.0977409818216,0.92411930544335,1.0165312359877
1.8242187500003,1.0976929429201,0.92411603896646,1.0165276428631
1.8244140625003,1.0976449545433,0.9241127741622,1.0165240515784
1.8246093750003,1.0975970166383,0.92410951103116,1.0165204621343
1.8248046875003,1.0975970166362,0.92410624197218,1.0165168661694
1.8250000000003,1.0975012920378,0.92410298219994,1.0165132804199
1.8251953125003,1.0974535052348,0.92409972410263,1.0165096965129
1.8253906250003,1.0974057686922,0.92409646768082,1.0165061144489
1.8255859375003,1.0973580823573,0.92409321293508,1.0165025342286
1.8257812500003,1.0973104461775,0.92408995986596,1.0164989558526
1.8259765625003,1.0972628601003,0.92408670847404,1.0164953793214
1.8261718750003,1.0972153240732,0.92408345875986,1.0164918046358
1.8263671875003,1.0971678380437,0.92408021072398,1.0164882317964
1.8265625000003,1.0971204019594,0.92407696436696,1.0164846608037
1.8267578125003,1.0970730157681,0.92407371968935,1.0164810916583
1.8269531250003,1.0970256794174,0.92407047669169,1.0164775243609
1.8271484375003,1.0969783928552,0.92406723537453,1.016473958912
1.8273437500003,1.0969311560292,0.92406399573842,1.0164703953123
1.8275390625003,1.0968839688875,0.92406075778388,1.0164668335623
1.8277343750003,1.0968368313779,0.92405752151146,1.0164632736626
1.8279296875003,1.0967897434484,0.9240542869217,1.0164597156139
1.8281250000003,1.0967427050473,0.92405105401512,1.0164561594166
1.8283203125003,1.0966957161225,0.92404782279225,1.0164526050715
1.8285156250003,1.0966487766223,0.92404459325362,1.016449052579
1.8287109375003,1.0966018864949,0.92404136539976,1.0164455019397
1.8289062500003,1.0965550456887,0.92403813923117,1.0164419531543
1.8291015625003,1.096508254152,0.92403491474839,1.0164384062232
1.8292968750003,1.0964615118332,0.92403169195193,1.0164348611471
1.8294921875003,1.0964148186808,0.9240284708423,1.0164313179265
1.8296875000003,1.0963681746434,0.92402525142001,1.016427776562
1.8298828125003,1.0963215796695,0.92402203368557,1.0164242370541
1.8300781250003,1.0962750337078,0.92401881763949,1.0164206994034
1.8302734375003,1.0962285367069,0.92401560328226,1.0164171636105
1.8304687500003,1.0961820886157,0.92401239061439,1.0164136296758
1.8306640625003,1.096135689383,0.92400917963637,1.0164100976
1.8308593750003,1.0960893389576,0.9240059703487,1.0164065673836
1.8310546875003,1.0960430372885,0.92400276275187,1.0164030390271
1.8312500000003,1.0959967843247,0.92399955684637,1.016399512531
1.8314453125003,1.0959505800151,0.92399635263269,1.016395987896
1.8316406250003,1.0959044243089,0.92399315011131,1.0163924651224
1.8318359375003,1.0958583171553,0.92398994928271,1.016388944211
1.8320312500003,1.0958122585035,0.92398675014738,1.0163854251621
1.8322265625003,1.0957662483027,0.92398355270578,1.0163819079764
1.8324218750003,1.0957202865022,0.9239803569584,1.0163783926542
1.8326171875003,1.0956743730515,0.92397716290569,1.0163748791963
1.8328125000003,1.0956285079,0.92397397054814,1.016371367603
1.8330078125003,1.0955826909971,0.92397077988621,1.0163678578748
1.8332031250003,1.0955369222924,0.92396759092036,1.0163643500124
1.8333984375003,1.0954912017356,0.92396440365105,1.0163608440162
1.8335937500003,1.0954455292761,0.92396121807874,1.0163573398866
1.8337890625003,1.0953999048639,0.92395803420389,1.0163538376243
1.8339843750003,1.0953543284486,0.92395485202695,1.0163503372296
1.8341796875003,1.0953087999801,0.92395167154836,1.0163468387032
1.8343750000003,1.0952633194082,0.92394849276859,1.0163433420454
1.8345703125003,1.0952178866829,0.92394531568806,1.0163398472569
1.8347656250003,1.0951725017542,0.92394214030724,1.016336354338
1.8349609375003,1.0951271645721,0.92393896662654,1.0163328632892
1.8351562500003,1.0950818750866,0.92393579464643,1.0163293741111
1.8353515625003,1.095036633248,0.92393262436732,1.016325886804
1.8355468750003,1.0949914390065,0.92392945578965,1.0163224013686
1.8357421875003,1.0949462923123,0.92392628891386,1.0163189178052
1.8359375000003,1.0949011931158,0.92392312374036,1.0163154361144
1.8361328125003,1.0948561413672,0.92391996026959,1.0163119562965
1.8363281250003,1.0948111370171,0.92391679850196,1.0163084783522
1.8365234375003,1.0947661800159,0.9239136384379,1.0163050022817
1.8367187500003,1.0947212703141,0.92391048007783,1.0163015280856
1.8369140625003,1.0946764078623,0.92390732342215,1.0162980557644
1.8371093750003,1.0946315926113,0.92390416847129,1.0162945853184
1.8373046875003,1.0945868245117,0.92390101522564,1.0162911167482
1.8375000000003,1.0945421035141,0.92389786368563,1.0162876500542
1.8376953125003,1.0944974295695,0.92389471385164,1.0162841852368
1.8378906250003,1.0944528026286,0.9238915657241,1.0162807222965
1.8380859375003,1.0944082226425,0.92388841930338,1.0162772612337
1.8382812500003,1.094363689562,0.9238852745899,1.0162738020489
1.8384765625003,1.0943192033382,0.92388213158404,1.0162703447424
1.8386718750003,1.0942747639221,0.92387899028621,1.0162668893148
1.8388671875003,1.0942303712649,0.92387585069678,1.0162634357665
1.8390625000003,1.0941860253178,0.92387271281615,1.0162599840978
1.8392578125003,1.0941417260319,0.92386957664469,1.0162565343092
1.8394531250003,1.09414172603,0.92386643511644,1.0162530786281
1.8396484375003,1.0940532672549,0.9238633023744,1.0162496326118
1.8398437500003,1.0940091076646,0.92386017134266,1.0162461884769
1.8400390625003,1.0939649945411,0.92385704202161,1.0162427462238
1.8402343750003,1.0939209278357,0.92385391441161,1.0162393058528
1.8404296875003,1.0938769075002,0.92385078851304,1.0162358673643
1.8406250000003,1.0938329334861,0.92384766432625,1.0162324307589
1.8408203125003,1.093789005745,0.92384454185162,1.0162289960368
1.8410156250003,1.0937451242287,0.92384142108951,1.0162255631985
1.8412109375003,1.0937012888889,0.92383830204028,1.0162221322443
1.8414062500003,1.0936574996774,0.92383518470429,1.0162187031747
1.8416015625003,1.0936137565462,0.92383206908188,1.0162152759901
1.8417968750003,1.0935700594471,0.92382895517342,1.0162118506908
1.8419921875003,1.0935264083321,0.92382584297925,1.0162084272772
1.8421875000003,1.0934828031532,0.92382273249973,1.0162050057497
1.8423828125003,1.0934392438626,0.92381962373519,1.0162015861087
1.8425781250003,1.0933957304122,0.92381651668598,1.0161981683546
1.8427734375003,1.0933522627545,0.92381341135243,1.0161947524877
1.8429687500003,1.0933088408414,0.9238103077349,1.0161913385084
1.8431640625003,1.0932654646254,0.92380720583371,1.0161879264171
1.8433593750003,1.0932221340588,0.92380410564919,1.0161845162141
1.8435546875003,1.093178849094,0.92380100718168,1.0161811078999
1.8437500000003,1.0931356096834,0.92379791043151,1.0161777014747
1.8439453125003,1.0930924157795,0.92379481539899,1.0161742969389
1.8441406250003,1.0930492673349,0.92379172208446,1.0161708942929
1.8443359375003,1.0930061643021,0.92378863048824,1.0161674935371
1.8445312500003,1.0929631066338,0.92378554061063,1.0161640946717
1.8447265625003,1.0929200942828,0.92378245245197,1.0161606976972
1.8449218750003,1.0928771272017,0.92377936601256,1.0161573026138
1.8451171875003,1.0928342053434,0.92377628129271,1.016153909422
1.8453125000003,1.0927913286607,0.92377319829274,1.016150518122
1.8455078125003,1.0927484971065,0.92377011701295,1.0161471287142
1.8457031250003,1.0927057106338,0.92376703745363,1.016143741199
1.8458984375003,1.0926629691956,0.92376395961511,1.0161403555766
1.8460937500003,1.092620272745,0.92376088349767,1.0161369718474
1.8462890625003,1.092577621235,0.92375780910161,1.0161335900118
1.8464843750003,1.0925350146189,0.92375473642723,1.01613021007
1.8466796875003,1.0924924528498,0.92375166547482,1.0161268320223
1.8468750000003,1.092449935881,0.92374859624466,1.0161234558691
1.8470703125003,1.0924074636658,0.92374552873705,1.0161200816108
1.8472656250003,1.0923650361577,0.92374246295227,1.0161167092475
1.8474609375003,1.0923226533099,0.92373939889061,1.0161133387797
1.8476562500003,1.092280315076,0.92373633655234,1.0161099702076
1.8478515625003,1.0922380214095,0.92373327593774,1.0161066035315
1.8480468750003,1.092195772264,0.92373021704709,1.0161032387518
1.8482421875003,1.092153567593,0.92372715988066,1.0160998758687
1.8484375000003,1.0921114073503,0.92372410443872,1.0160965148826
1.8486328125003,1.0920692914896,0.92372105072154,1.0160931557937
1.8488281250003,1.0920272199646,0.92371799872939,1.0160897986023
1.8490234375003,1.0919851927291,0.92371494846253,1.0160864433088
1.8492187500003,1.0919432097371,0.92371189992122,1.0160830899133
1.8494140625003,1.0919012709424,0.92370885310572,1.0160797384163
1.8496093750003,1.091859376299,0.92370580801629,1.0160763888179
1.8498046875003,1.091817525761,0.92370276465318,1.0160730411185
1.8500000000003,1.0917757192824,0.92369972301665,1.0160696953183
1.8501953125003,1.0917339568173,0.92369668310694,1.0160663514176
1.8503906250003,1.0916922383199,0.92369364492431,1.0160630094167
1.8505859375003,1.0916505637444,0.92369060846899,1.0160596693159
1.8507812500003,1.0916089330451,0.92368757374124,1.0160563311154
1.8509765625003,1.0915673461763,0.92368454074128,1.0160529948154
1.8511718750003,1.0915258030924,0.92368150946937,1.0160496604163
1.8513671875003,1.0914843037477,0.92367847992573,1.0160463279183
1.8515625000003,1.0914428480968,0.92367545211061,1.0160429973217
1.8517578125003,1.0914014360942,0.92367242602422,1.0160396686266
1.8519531250003,1.0913600676944,0.92366940166681,1.0160363418335
1.8521484375003,1.0913187428521,0.92366637903859,1.0160330169424
1.8523437500003,1.0912774615219,0.92366335813979,1.0160296939538
1.8525390625003,1.0912362236585,0.92366033897064,1.0160263728677
1.8527343750003,1.0911950292166,0.92365732153136,1.0160230536845
1.8529296875003,1.0911950292149,0.9236542992295,1.0160197291525
1.8531250000003,1.0911127704223,0.92365128525986,1.0160164137858
1.8533203125003,1.0910717059777,0.92364827302071,1.0160131003228
1.8535156250003,1.0910306847743,0.92364526251227,1.0160097887635
1.8537109375003,1.090989706767,0.92364225373476,1.0160064791082
1.8539062500003,1.0909487719109,0.92363924668837,1.0160031713572
1.8541015625003,1.090907880161,0.92363624137331,1.0159998655106
1.8542968750003,1.0908670314726,0.92363323778978,1.0159965615688
1.8544921875003,1.0908262258008,0.92363023593799,1.0159932595318
1.8546875000003,1.0907854631008,0.92362723581812,1.0159899593999
1.8548828125003,1.0907447433281,0.92362423743038,1.0159866611734
1.8550781250003,1.0907040664378,0.92362124077495,1.0159833648524
1.8552734375003,1.0906634323855,0.92361824585204,1.0159800704372
1.8554687500003,1.0906228411265,0.92361525266182,1.015976777928
1.8556640625003,1.0905822926164,0.92361226120448,1.0159734873249
1.8558593750003,1.0905417868107,0.92360927148021,1.0159701986282
1.8560546875003,1.0905013236649,0.92360628348919,1.0159669118381
1.8562500000003,1.0904609031347,0.9236032972316,1.0159636269548
1.8564453125003,1.0904205251759,0.92360031270762,1.0159603439784
1.8566406250003,1.090380189744,0.92359732991741,1.0159570629092
1.8568359375003,1.0903398967949,0.92359434886116,1.0159537837473
1.8570312500003,1.0902996462845,0.92359136953904,1.0159505064929
1.8572265625003,1.0902594381685,0.92358839195121,1.0159472311463
1.8574218750003,1.090219272403,0.92358541609784,1.0159439577076
1.8576171875003,1.0901791489438,0.9235824419791,1.015940686177
1.8578125000003,1.0901390677471,0.92357946959514,1.0159374165547
1.8580078125003,1.0900990287688,0.92357649894613,1.0159341488407
1.8582031250003,1.090059031965,0.92357353003222,1.0159308830354
1.8583984375003,1.090019077292,0.92357056285357,1.0159276191389
1.8585937500003,1.089979164706,0.92356759741033,1.0159243571514
1.8587890625003,1.0899392941631,0.92356463370266,1.0159210970729
1.8589843750003,1.0898994656197,0.9235616717307,1.0159178389038
1.8591796875003,1.0898596790322,0.9235587114946,1.0159145826441
1.8593750000003,1.0898199343569,0.9235557529945,1.0159113282939
1.8595703125003,1.0897802315502,0.92355279623055,1.0159080758536
1.8597656250003,1.0897405705687,0.92354984120288,1.0159048253232
1.8599609375003,1.089700951369,0.92354688791164,1.0159015767028
1.8601562500003,1.0896613739074,0.92354393635696,1.0158983299927
1.8603515625003,1.0896218381408,0.92354098653898,1.0158950851929
1.8605468750003,1.0895823440258,0.92353803845782,1.0158918423036
1.8607421875003,1.0895428915191,0.92353509211361,1.015888601325
1.8609375000003,1.0895034805774,0.92353214750649,1.0158853622571
1.8611328125003,1.0894641111576,0.92352920463658,1.0158821251002
1.8613281250003,1.0894247832166,0.92352626350399,1.0158788898544
1.8615234375003,1.0893854967113,0.92352332410886,1.0158756565197
1.8617187500003,1.0893462515985,0.9235203864513,1.0158724250964
1.8619140625003,1.0893070478353,0.92351745053143,1.0158691955846
1.8621093750003,1.0892678853788,0.92351451634936,1.0158659679843
1.8623046875003,1.0892287641861,0.9235115839052,1.0158627422957
1.8625000000003,1.0891896842142,0.92350865319907,1.015859518519
1.8626953125003,1.0891506454205,0.92350572423107,1.0158562966542
1.8628906250003,1.089111647762,0.92350279700131,1.0158530767014
1.8630859375003,1.0890726911961,0.9234998715099,1.0158498586609
1.8632812500003,1.0890337756801,0.92349694775692,1.0158466425326
1.8634765625003,1.0889949011714,0.9234940257425,1.0158434283167
1.8636718750003,1.0889560676274,0.92349110546671,1.0158402160134
1.8638671875003,1.0889172750056,0.92348818692966,1.0158370056226
1.8640625000003,1.0888785232634,0.92348527013145,1.0158337971446
1.8642578125003,1.0888398123584,0.92348235507216,1.0158305905794
1.8644531250003,1.0888011422482,0.92347944175188,1.0158273859271
1.8646484375003,1.0887625128905,0.9234765301707,1.0158241831878
1.8648437500003,1.0887239242429,0.9234736203287,1.0158209823616
1.8650390625003,1.0886853762632,0.92347071222597,1.0158177834486
1.8652343750003,1.0886468689092,0.92346780586259,1.0158145864489
1.8654296875003,1.0886468689076,0.92346489506798,1.0158113845748
1.8656250000003,1.0885699759143,0.92346199219221,1.0158081914114
1.8658203125003,1.0885315901875,0.92345909105602,1.0158050001616
1.8660156250003,1.0884932449181,0.92345619165947,1.0158018108254
1.8662109375003,1.0884549400638,0.92345329400263,1.0157986234029
1.8664062500003,1.0884166755828,0.92345039808557,1.0157954378941
1.8666015625003,1.0883784514332,0.92344750390835,1.0157922542992
1.8667968750003,1.0883402675731,0.92344461147105,1.0157890726182
1.8669921875003,1.0883021239607,0.92344172077373,1.0157858928511
1.8671875000003,1.0882640205542,0.92343883181644,1.0157827149981
1.8673828125003,1.0882259573119,0.92343594459924,1.0157795390592
1.8675781250003,1.0881879341922,0.92343305912219,1.0157763650344
1.8677734375003,1.0881499511534,0.92343017538535,1.0157731929239
1.8679687500003,1.0881120081538,0.92342729338877,1.0157700227276
1.8681640625003,1.0880741051521,0.92342441313249,1.0157668544457
1.8683593750003,1.0880362421066,0.92342153461657,1.0157636880782
1.8685546875003,1.0879984189758,0.92341865784105,1.0157605236252
1.8687500000003,1.0879606357185,0.92341578280597,1.0157573610866
1.8689453125003,1.0879228922932,0.92341290951139,1.0157542004625
1.8691406250003,1.0878851886587,0.92341003795733,1.0157510417531
1.8693359375003,1.0878475247735,0.92340716814385,1.0157478849582
1.8695312500003,1.0878099005965,0.92340430007096,1.0157447300781
1.8697265625003,1.0877723160865,0.92340143373872,1.0157415771126
1.8699218750003,1.0877347712025,0.92339856914714,1.0157384260619
1.8701171875003,1.0876972659031,0.92339570629627,1.0157352769259
1.8703125000003,1.0876598001474,0.92339284518612,1.0157321297047
1.8705078125003,1.0876223738944,0.92338998581674,1.0157289843984
1.8707031250003,1.0875849871031,0.92338712818813,1.0157258410069
1.8708984375003,1.0875476397325,0.92338427230032,1.0157226995304
1.8710937500003,1.0875103317419,0.92338141815334,1.0157195599687
1.8712890625003,1.0874730630903,0.9233785657472,1.0157164223219
1.8714843750003,1.087435833737,0.92337571508191,1.0157132865901
1.8716796875003,1.0873986436412,0.9233728661575,1.0157101527733
1.8718750000003,1.0873614927622,0.92337001897398,1.0157070208714
1.8720703125003,1.0873243810594,0.92336717353135,1.0157038908845
1.8722656250003,1.087287308492,0.92336432982962,1.0157007628126
1.8724609375003,1.0872502750196,0.92336148786881,1.0156976366557
1.8726562500003,1.0872132806017,0.92335864764891,1.0156945124138
1.8728515625003,1.0871763251976,0.92335580916993,1.0156913900869
1.8730468750003,1.087139408767,0.92335297243187,1.0156882696751
1.8732421875003,1.0871025312695,0.92335013743473,1.0156851511782
1.8734375000003,1.0870656926647,0.92334730417851,1.0156820345964
1.8736328125003,1.0870288929123,0.9233444726632,1.0156789199295
1.8738281250003,1.086992131972,0.92334164288879,1.0156758071777
1.8740234375003,1.0869554098035,0.92333881485528,1.0156726963408
1.8742187500003,1.0869187263668,0.92333598856265,1.0156695874189
1.8744140625003,1.0868820816216,0.9233331640109,1.015666480412
1.8746093750003,1.0868454755279,0.9233303412,1.01566337532
1.8748046875003,1.0868089080456,0.92332752012994,1.0156602721429
1.8750000000003,1.0867723791346,0.92332470080071,1.0156571708808
1.8751953125003,1.086735888755,0.92332188321228,1.0156540715335
1.8753906250003,1.086699436867,0.92331906736463,1.0156509741011
1.8755859375003,1.0866630234304,0.92331625325774,1.0156478785835
1.8757812500003,1.0866266484057,0.92331344089158,1.0156447849807
1.8759765625003,1.0865903117528,0.92331063026612,1.0156416932927
1.8761718750003,1.0865540134321,0.92330782138134,1.0156386035195
1.8763671875003,1.0865177534039,0.9233050142372,1.0156355156609
1.8765625000003,1.0864815316284,0.92330220883367,1.015632429717
1.8767578125003,1.0864815316269,0.92329939936746,1.0156293393042
1.8769531250003,1.0864092026818,0.92329659745322,1.0156262571985
1.8771484375003,1.0863730954301,0.92329379727947,1.0156231770074
1.8773437500003,1.0863370262728,0.92329099884616,1.0156200987308
1.8775390625003,1.0863009951705,0.92328820215325,1.0156170223686
1.8777343750003,1.0862650020839,0.9232854072007,1.0156139479208
1.8779296875003,1.0862290469734,0.92328261398846,1.0156108753873
1.8781250000003,1.0861931297998,0.92327982251649,1.0156078047681
1.8783203125003,1.0861572505238,0.92327703278473,1.0156047360632
1.8785156250003,1.0861214091062,0.92327424479313,1.0156016692724
1.8787109375003,1.0860856055076,0.92327145854163,1.0155986043958
1.8789062500003,1.086049839689,0.92326867403019,1.0155955414332
1.8791015625003,1.0860141116112,0.92326589125874,1.0155924803846
1.8792968750003,1.0859784212352,0.92326311022723,1.01558942125
1.8794921875003,1.0859427685218,0.92326033093559,1.0155863640291
1.8796875000003,1.0859071534321,0.92325755338376,1.0155833087221
1.8798828125003,1.085871575927,0.92325477757167,1.0155802553288
1.8800781250003,1.0858360359678,0.92325200349926,1.0155772038492
1.8802734375003,1.0858005335155,0.92324923116646,1.0155741542831
1.8804687500003,1.0857650685313,0.9232464605732,1.0155711066305
1.8806640625003,1.0857296409764,0.92324369171941,1.0155680608914
1.8808593750003,1.085694250812,0.92324092460501,1.0155650170655
1.8810546875003,1.0856588979994,0.92323815922993,1.0155619751529
1.8812500000003,1.0856235824999,0.92323539559409,1.0155589351535
1.8814453125003,1.0855883042749,0.92323263369741,1.0155558970671
1.8816406250003,1.0855530632859,0.92322987353981,1.0155528608938
1.8818359375003,1.0855178594942,0.9232271151212,1.0155498266333
1.8820312500003,1.0854826928614,0.9232243584415,1.0155467942857
1.8822265625003,1.085447563349,0.92322160350063,1.0155437638507
1.8824218750003,1.0854124709185,0.9232188502985,1.0155407353283
1.8826171875003,1.0853774155316,0.92321609883501,1.0155377087185
1.8828125000003,1.0853423971499,0.92321334911007,1.0155346840211
1.8830078125003,1.0853074157352,0.9232106011236,1.015531661236
1.8832031250003,1.0852724712492,0.92320785487549,1.015528640363
1.8833984375003,1.0852375636536,0.92320511036564,1.0155256214022
1.8835937500003,1.0852026929102,0.92320236759397,1.0155226043534
1.8837890625003,1.085167858981,0.92319962656036,1.0155195892164
1.8839843750003,1.0851330618278,0.92319688726472,1.0155165759912
1.8841796875003,1.0850983014126,0.92319414970694,1.0155135646776
1.8843750000003,1.0850635776974,0.92319141388692,1.0155105552756
1.8845703125003,1.085028890644,0.92318867980454,1.015507547785
1.8847656250003,1.0849942402148,0.9231859474597,1.0155045422057
1.8849609375003,1.0849596263716,0.92318321685228,1.0155015385375
1.8851562500003,1.0849250490767,0.92318048798218,1.0154985367804
1.8853515625003,1.0848905082923,0.92317776084928,1.0154955369342
1.8855468750003,1.0848560039806,0.92317503545345,1.0154925389988
1.8857421875003,1.0848215361038,0.9231723117946,1.0154895429741
1.8859375000003,1.0847871046242,0.92316958987258,1.0154865488598
1.8861328125003,1.0847527095043,0.92316686968729,1.015483556656
1.8863281250003,1.0847183507063,0.92316415123859,1.0154805663625
1.8865234375003,1.0846840281927,0.92316143452637,1.015477577979
1.8867187500003,1.084649741926,0.92315871955049,1.0154745915055
1.8869140625003,1.0846154918686,0.92315600631084,1.0154716069419
1.8871093750003,1.0845812779831,0.92315329480727,1.015468624288
1.8873046875003,1.0845471002321,0.92315058503965,1.0154656435436
1.8875000000003,1.0845471002307,0.92314787153965,1.0154626586936
1.8876953125003,1.0844788529884,0.92314516525127,1.0154596817764
1.8878906250003,1.0844447834196,0.92314246069843,1.0154567067683
1.8880859375003,1.084410749836,0.92313975788098,1.0154537336691
1.8882812500003,1.0843767522003,0.9231370567988,1.0154507624787
1.8884765625003,1.0843427904755,0.92313435745173,1.0154477931969
1.8886718750003,1.0843088646244,0.92313165983964,1.0154448258236
1.8888671875003,1.0842749746098,0.92312896396238,1.0154418603586
1.8890625000003,1.0842411203947,0.9231262698198,1.0154388968018
1.8892578125003,1.0842073019421,0.92312357741175,1.0154359351529
1.8894531250003,1.084173519215,0.92312088673808,1.0154329754119
1.8896484375003,1.0841397721765,0.92311819779864,1.0154300175785
1.8898437500003,1.0841060607896,0.92311551059328,1.0154270616526
1.8900390625003,1.0840723850175,0.92311282512184,1.015424107634
1.8902343750003,1.0840387448234,0.92311014138416,1.0154211555226
1.8904296875003,1.0840051401704,0.92310745938009,1.0154182053181
1.8906250000003,1.0839715710219,0.92310477910946,1.0154152570204
1.8908203125003,1.0839380373411,0.92310210057211,1.0154123106293
1.8910156250003,1.0839045390914,0.92309942376788,1.0154093661447
1.8912109375003,1.0838710762361,0.9230967486966,1.0154064235663
1.8914062500003,1.0838376487386,0.92309407535811,1.0154034828939
1.8916015625003,1.0838042565623,0.92309140375223,1.0154005441275
1.8917968750003,1.0837708996709,0.9230887338788,1.0153976072667
1.8919921875003,1.0837375780277,0.92308606573765,1.0153946723114
1.8921875000003,1.0837042915964,0.92308339932859,1.0153917392615
1.8923828125003,1.0836710403406,0.92308073465146,1.0153888081166
1.8925781250003,1.0836378242239,0.92307807170608,1.0153858788767
1.8927734375003,1.0836046432099,0.92307541049227,1.0153829515415
1.8929687500003,1.0835714972623,0.92307275100985,1.0153800261108
1.8931640625003,1.0835383863451,0.92307009325863,1.0153771025845
1.8933593750003,1.0835053104218,0.92306743723844,1.0153741809623
1.8935546875003,1.0834722694565,0.9230647829491,1.015371261244
1.8937500000003,1.0834392634128,0.9230621303904,1.0153683434294
1.8939453125003,1.0834062922549,0.92305947956217,1.0153654275184
1.8941406250003,1.0833733559465,0.92305683046421,1.0153625135106
1.8943359375003,1.0833404544517,0.92305418309634,1.015359601406
1.8945312500003,1.0833075877345,0.92305153745836,1.0153566912042
1.8947265625003,1.083274755759,0.92304889355008,1.0153537829051
1.8949218750003,1.0832419584893,0.92304625137129,1.0153508765084
1.8951171875003,1.0832091958895,0.92304361092181,1.015347972014
1.8953125000003,1.0831764679237,0.92304097220144,1.0153450694216
1.8955078125003,1.0831437745563,0.92303833520996,1.015342168731
1.8957031250003,1.0831111157514,0.92303569994719,1.0153392699419
1.8958984375003,1.0830784914734,0.92303306641291,1.0153363730542
1.8960937500003,1.0830459016865,0.92303043460693,1.0153334780676
1.8962890625003,1.0830133463552,0.92302780452902,1.0153305849819
1.8964843750003,1.0829808254438,0.923025176179,1.0153276937969
1.8966796875003,1.0829483389167,0.92302254955663,1.0153248045123
1.8968750000003,1.0829158867386,0.92301992466172,1.0153219171279
1.8970703125003,1.0828834688738,0.92301730149405,1.0153190316435
1.8972656250003,1.0828510852869,0.92301468005341,1.0153161480587
1.8974609375003,1.0828510852856,0.92301205517036,1.0153132606874
1.8976562500003,1.0827864208093,0.92300943719043,1.0153103809095
1.8978515625003,1.0827541398466,0.92300682093686,1.0153075030305
1.8980468750003,1.0827218930204,0.92300420640942,1.0153046270504
1.8982421875003,1.0826896802954,0.92300159360791,1.0153017529687
1.8984375000003,1.0826575016364,0.92299898253209,1.0152988807853
1.8986328125003,1.0826253570084,0.92299637318174,1.0152960104999
1.8988281250003,1.0825932463759,0.92299376555663,1.0152931421123
1.8990234375003,1.0825611697041,0.92299115965653,1.0152902756222
1.8992187500003,1.0825291269578,0.92298855548121,1.0152874110293
1.8994140625003,1.0824971181019,0.92298595303044,1.0152845483335
1.8996093750003,1.0824651431016,0.922983352304,1.0152816875344
1.8998046875003,1.0824332019217,0.92298075330163,1.0152788286318
1.9000000000003,1.0824012945274,0.92297815602311,1.0152759716254
1.9001953125003,1.0823694208839,0.92297556046819,1.015273116515
1.9003906250003,1.0823375809562,0.92297296663665,1.0152702633003
1.9005859375003,1.0823057747095,0.92297037452824,1.0152674119811
1.9007812500003,1.0822740021091,0.92296778414271,1.015264562557
1.9009765625003,1.0822422631202,0.92296519547982,1.0152617150278
1.9011718750003,1.0822105577081,0.92296260853933,1.0152588693933
1.9013671875003,1.0821788858381,0.92296002332099,1.0152560256531
1.9015625000003,1.0821472474757,0.92295743982456,1.015253183807
1.9017578125003,1.0821156425862,0.92295485804977,1.0152503438548
1.9019531250003,1.082084071135,0.92295227799639,1.015247505796
1.9021484375003,1.0820525330877,0.92294969966416,1.0152446696306
1.9023437500003,1.0820210284098,0.92294712305282,1.0152418353581
1.9025390625003,1.0819895570667,0.92294454816212,1.0152390029783
1.9027343750003,1.0819581190242,0.9229419749918,1.015236172491
1.9029296875003,1.0819267142478,0.92293940354161,1.0152333438958
1.9031250000003,1.0818953427031,0.92293683381128,1.0152305171924
1.9033203125003,1.081864004356,0.92293426580056,1.0152276923806
1.9035156250003,1.081832699172,0.92293169950917,1.0152248694601
1.9037109375003,1.081801427117,0.92292913493686,1.0152220484305
1.9039062500003,1.0817701881569,0.92292657208336,1.0152192292917
1.9041015625003,1.0817389822574,0.9229240109484,1.0152164120432
1.9042968750003,1.0817078093843,0.92292145153171,1.0152135966849
1.9044921875003,1.0816766695037,0.92291889383303,1.0152107832163
1.9046875000003,1.0816455625815,0.92291633785208,1.0152079716373
1.9048828125003,1.0816144885836,0.92291378358859,1.0152051619474
1.9050781250003,1.0815834474761,0.92291123104229,1.0152023541465
1.9052734375003,1.081552439225,0.92290868021289,1.0151995482342
1.9054687500003,1.0815214637965,0.92290613110012,1.0151967442101
1.9056640625003,1.0814905211566,0.92290358370371,1.0151939420741
1.9058593750003,1.0814596112716,0.92290103802338,1.0151911418257
1.9060546875003,1.0814287341075,0.92289849405883,1.0151883434647
1.9062500000003,1.0813978896308,0.92289595180979,1.0151855469908
1.9064453125003,1.0813670778076,0.92289341127598,1.0151827524036
1.9066406250003,1.0813362986042,0.92289087245711,1.0151799597028
1.9068359375003,1.0813362986029,0.92288833045488,1.0151771635004
1.9070312500003,1.0812748379261,0.92288579507196,1.0151743745792
1.9072265625003,1.081244156383,0.92288326140311,1.0151715875434
1.9074218750003,1.0812135073252,0.92288072944803,1.0151688023928
1.9076171875003,1.0811828907194,0.92287819920644,1.0151660191271
1.9078125000003,1.081152306532,0.92287567067802,1.0151632377458
1.9080078125003,1.0811217547296,0.9228731438625,1.0151604582488
1.9082031250003,1.0810912352787,0.92287061875958,1.0151576806355
1.9083984375003,1.081060748146,0.92286809536895,1.0151549049058
1.9085937500003,1.0810302932982,0.92286557369031,1.0151521310593
1.9087890625003,1.080999870702,0.92286305372338,1.0151493590957
1.9089843750003,1.080969480324,0.92286053546783,1.0151465890146
1.9091796875003,1.0809391221311,0.92285801892337,1.0151438208157
1.9093750000003,1.08090879609,0.9228555040897,1.0151410544987
1.9095703125003,1.0808785021676,0.92285299096651,1.0151382900632
1.9097656250003,1.0808482403308,0.92285047955349,1.0151355275088
1.9099609375003,1.0808180105464,0.92284796985033,1.0151327668354
1.9101562500003,1.0807878127814,0.92284546185672,1.0151300080424
1.9103515625003,1.0807576470029,0.92284295557235,1.0151272511296
1.9105468750003,1.0807275131777,0.9228404509969,1.0151244960966
1.9107421875003,1.0806974112729,0.92283794813007,1.0151217429431
1.9109375000003,1.0806673412557,0.92283544697153,1.0151189916687
1.9111328125003,1.0806373030931,0.92283294752097,1.0151162422731
1.9113281250003,1.0806072967523,0.92283044977806,1.0151134947559
1.9115234375003,1.0805773222005,0.9228279537425,1.0151107491168
1.9117187500003,1.0805473794048,0.92282545941396,1.0151080053554
1.9119140625003,1.0805174683326,0.92282296679211,1.0151052634713
1.9121093750003,1.0804875889511,0.92282047587664,1.0151025234643
1.9123046875003,1.0804577412277,0.92281798666721,1.0150997853339
1.9125000000003,1.0804279251297,0.9228154991635,1.0150970490798
1.9126953125003,1.0803981406244,0.92281301336518,1.0150943147017
1.9128906250003,1.0803683876794,0.92281052927193,1.0150915821991
1.9130859375003,1.0803386662621,0.92280804688341,1.0150888515718
1.9132812500003,1.0803089763399,0.92280556619929,1.0150861228192
1.9134765625003,1.0802793178805,0.92280308721924,1.0150833959412
1.9136718750003,1.0802496908513,0.92280060994293,1.0150806709372
1.9138671875003,1.08022009522,0.92279813437001,1.015077947807
1.9140625000003,1.0801905309542,0.92279566050015,1.0150752265502
1.9142578125003,1.0801609980215,0.92279318833302,1.0150725071663
1.9144531250003,1.0801314963897,0.92279071786827,1.0150697896551
1.9146484375003,1.0801020260265,0.92278824910556,1.0150670740161
1.9148437500003,1.0800725868996,0.92278578204455,1.015064360249
1.9150390625003,1.080043178977,0.9227833166849,1.0150616483534
1.9152343750003,1.0800138022262,0.92278085302626,1.0150589383289
1.9154296875003,1.0799844566154,0.92277839106829,1.0150562301751
1.9156250000003,1.0799551421123,0.92277593081064,1.0150535238917
1.9158203125003,1.0799551421111,0.92277346760566,1.0150508143662
1.9160156250003,1.0798966063048,0.92277101075419,1.0150481118296
1.9162109375003,1.0798673849351,0.92276855560199,1.0150454111622
1.9164062500003,1.0798381945451,0.9227661021487,1.0150427123636
1.9166015625003,1.0798090351029,0.92276365039396,1.0150400154334
1.9167968750003,1.0797799065766,0.92276120033742,1.0150373203712
1.9169921875003,1.0797508089343,0.92275875197873,1.0150346271766
1.9171875000003,1.0797217421441,0.92275630531752,1.0150319358493
1.9173828125003,1.0796927061744,0.92275386035344,1.0150292463888
1.9175781250003,1.0796637009932,0.92275141708613,1.0150265587947
1.9177734375003,1.079634726569,0.92274897551523,1.0150238730668
1.9179687500003,1.07960578287,0.92274653564038,1.0150211892044
1.9181640625003,1.0795768698645,0.92274409746121,1.0150185072073
1.9183593750003,1.0795479875209,0.92274166097735,1.0150158270751
1.9185546875003,1.0795191358076,0.92273922618845,1.0150131488073
1.9187500000003,1.0794903146931,0.92273679309413,1.0150104724035
1.9189453125003,1.0794615241458,0.92273436169402,1.0150077978634
1.9191406250003,1.0794327641342,0.92273193198776,1.0150051251865
1.9193359375003,1.0794040346269,0.92272950397498,1.0150024543725
1.9195312500003,1.0793753355924,0.9227270776553,1.0149997854208
1.9197265625003,1.0793466669994,0.92272465302835,1.0149971183312
1.9199218750003,1.0793180288164,0.92272223009375,1.0149944531031
1.9201171875003,1.0792894210122,0.92271980885113,1.0149917897362
1.9203125000003,1.0792608435554,0.92271738930012,1.0149891282301
1.9205078125003,1.0792322964148,0.92271497144033,1.0149864685844
1.9207031250003,1.0792037795592,0.92271255527138,1.0149838107985
1.9208984375003,1.0791752929573,0.9227101407929,1.0149811548722
1.9210937500003,1.0791468365779,0.9227077280045,1.0149785008049
1.9212890625003,1.0791184103901,0.9227053169058,1.0149758485964
1.9214843750003,1.0790900143625,0.92270290749641,1.0149731982461
1.9216796875003,1.0790616484643,0.92270049977595,1.0149705497536
1.9218750000003,1.0790333126643,0.92269809374404,1.0149679031184
1.9220703125003,1.0790050069315,0.92269568940029,1.0149652583403
1.9222656250003,1.078976731235,0.92269328674429,1.0149626154187
1.9224609375003,1.0789484855438,0.92269088577568,1.0149599743532
1.9226562500003,1.0789202698271,0.92268848649405,1.0149573351435
1.9228515625003,1.0788920840539,0.92268608889902,1.0149546977889
1.9230468750003,1.0788639281934,0.92268369299018,1.0149520622892
1.9232421875003,1.0788358022148,0.92268129876715,1.0149494286439
1.9234375000003,1.0788077060874,0.92267890622952,1.0149467968525
1.9236328125003,1.0787796397803,0.92267651537691,1.0149441669146
1.9238281250003,1.0787516032629,0.92267412620891,1.0149415388298
1.9240234375003,1.0787516032618,0.92267173429898,1.0149389077289
1.9242187500003,1.0786956194778,0.9226693485053,1.0149362833558
1.9244140625003,1.0786676721477,0.92266696439503,1.0149336608345
1.9246093750003,1.0786397544848,0.92266458196775,1.0149310401645
1.9248046875003,1.0786118664585,0.92266220122307,1.0149284213454
1.9250000000003,1.0785840080382,0.92265982216058,1.0149258043766
1.9251953125003,1.0785561791935,0.92265744477988,1.0149231892579
1.9253906250003,1.0785283798939,0.92265506908056,1.0149205759886
1.9255859375003,1.078500610109,0.9226526950622,1.0149179645684
1.9257812500003,1.0784728698085,0.9226503227244,1.0149153549968
1.9259765625003,1.0784451589619,0.92264795206676,1.0149127472734
1.9261718750003,1.0784174775389,0.92264558308884,1.0149101413977
1.9263671875003,1.0783898255092,0.92264321579026,1.0149075373693
1.9265625000003,1.0783622028426,0.92264085017058,1.0149049351876
1.9267578125003,1.0783346095089,0.92263848622939,1.0149023348523
1.9269531250003,1.0783070454778,0.92263612396629,1.0148997363629
1.9271484375003,1.0782795107191,0.92263376338084,1.0148971397189
1.9273437500003,1.0782520052028,0.92263140447263,1.0148945449199
1.9275390625003,1.0782245288987,0.92262904724125,1.0148919519654
1.9277343750003,1.0781970817768,0.92262669168626,1.0148893608549
1.9279296875003,1.0781696638069,0.92262433780726,1.014886771588
1.9281250000003,1.0781422749592,0.92262198560381,1.0148841841642
1.9283203125003,1.0781149152036,0.92261963507549,1.014881598583
1.9285156250003,1.0780875845101,0.92261728622188,1.0148790148441
1.9287109375003,1.0780602828489,0.92261493904255,1.0148764329468
1.9289062500003,1.0780330101901,0.92261259353707,1.0148738528908
1.9291015625003,1.0780057665038,0.92261024970501,1.0148712746755
1.9292968750003,1.0779785517602,0.92260790754595,1.0148686983005
1.9294921875003,1.0779513659295,0.92260556705945,1.0148661237654
1.9296875000003,1.0779242089819,0.92260322824508,1.0148635510696
1.9298828125003,1.0778970808878,0.92260089110241,1.0148609802127
1.9300781250003,1.0778699816173,0.922598555631,1.0148584111941
1.9302734375003,1.0778429111409,0.92259622183043,1.0148558440135
1.9304687500003,1.077815869429,0.92259388970025,1.0148532786703
1.9306640625003,1.0777888564518,0.92259155924002,1.014850715164
1.9308593750003,1.0777618721799,0.92258923044932,1.0148481534942
1.9310546875003,1.0777349165837,0.92258690332769,1.0148455936605
1.9312500000003,1.0777079896336,0.9225845778747,1.0148430356622
1.9314453125003,1.0776810913003,0.92258225408991,1.0148404794989
1.9316406250003,1.0776542215542,0.92257993197287,1.0148379251702
1.9318359375003,1.0776273803659,0.92257761152314,1.0148353726755
1.9320312500003,1.0776273803648,0.922575288523,1.0148328173753
1.9322265625003,1.0775737835486,0.92257297141256,1.0148302685538
1.9324218750003,1.0775470278599,0.9225706559681,1.0148277215649
1.9326171875003,1.0775203006115,0.92256834218915,1.0148251764081
1.9328125000003,1.0774936017744,0.92256603007527,1.0148226330828
1.9330078125003,1.0774669313192,0.92256371962601,1.0148200915886
1.9332031250003,1.0774402892168,0.92256141084092,1.014817551925
1.9333984375003,1.0774136754379,0.92255910371955,1.0148150140915
1.9335937500003,1.0773870899535,0.92255679826144,1.0148124780876
1.9337890625003,1.0773605327344,0.92255449446615,1.0148099439128
1.9339843750003,1.0773340037516,0.92255219233321,1.0148074115665
1.9341796875003,1.0773075029759,0.92254989186216,1.0148048810484
1.9343750000003,1.0772810303784,0.92254759305257,1.0148023523578
1.9345703125003,1.0772545859301,0.92254529590395,1.0147998254944
1.9347656250003,1.0772281696021,0.92254300041587,1.0147973004575
1.9349609375003,1.0772017813653,0.92254070658785,1.0147947772466
1.9351562500003,1.0771754211909,0.92253841441943,1.0147922558614
1.9353515625003,1.0771490890501,0.92253612391016,1.0147897363012
1.9355468750003,1.0771227849139,0.92253383505956,1.0147872185655
1.9357421875003,1.0770965087536,0.92253154786719,1.0147847026539
1.9359375000003,1.0770702605404,0.92252926233256,1.0147821885658
1.9361328125003,1.0770440402455,0.92252697845522,1.0147796763007
1.9363281250003,1.0770178478403,0.92252469623469,1.0147771658582
1.9365234375003,1.076991683296,0.92252241567052,1.0147746572376
1.9367187500003,1.076965546584,0.92252013676223,1.0147721504384
1.9369140625003,1.0769394376757,0.92251785950934,1.0147696454603
1.9371093750003,1.0769133565424,0.9225155839114,1.0147671423025
1.9373046875003,1.0768873031556,0.92251330996792,1.0147646409647
1.9375000000003,1.0768612774867,0.92251103767844,1.0147621414463
1.9376953125003,1.0768352795073,0.92250876704248,1.0147596437467
1.9378906250003,1.0768093091889,0.92250649805957,1.0147571478655
1.9380859375003,1.0767833665029,0.92250423072922,1.0147546538021
1.9382812500003,1.0767574514211,0.92250196505097,1.0147521615561
1.9384765625003,1.0767315639149,0.92249970102434,1.0147496711268
1.9386718750003,1.0767057039561,0.92249743864884,1.0147471825137
1.9388671875003,1.0766798715163,0.922495177924,1.0147446957164
1.9390625000003,1.0766540665672,0.92249291884933,1.0147422107343
1.9392578125003,1.0766282890805,0.92249066142436,1.0147397275668
1.9394531250003,1.0766282890795,0.92248840161881,1.0147372417807
1.9396484375003,1.0765768163847,0.92248614749753,1.0147347622473
1.9398437500003,1.0765511211181,0.92248389502448,1.0147322845269
1.9400390625003,1.0765254532011,0.92248164419919,1.0147298086191
1.9402343750003,1.0764998126057,0.92247939502116,1.0147273345233
1.9404296875003,1.0764741993036,0.92247714748991,1.0147248622389
1.9406250000003,1.076448613267,0.92247490160494,1.0147223917654
1.9408203125003,1.0764230544676,0.92247265736578,1.0147199231024
1.9410156250003,1.0763975228776,0.92247041477193,1.0147174562491
1.9412109375003,1.0763720184689,0.92246817382289,1.0147149912052
1.9414062500003,1.0763465412136,0.92246593451818,1.01471252797
1.9416015625003,1.0763210910837,0.92246369685731,1.014710066543
1.9417968750003,1.0762956680515,0.92246146083977,1.0147076069237
1.9419921875003,1.0762702720889,0.92245922646508,1.0147051491116
1.9421875000003,1.0762449031683,0.92245699373274,1.014702693106
1.9423828125003,1.0762195612617,0.92245476264225,1.0147002389065
1.9425781250003,1.0761942463415,0.92245253319312,1.0146977865124
1.9427734375003,1.0761689583798,0.92245030538484,1.0146953359233
1.9429687500003,1.076143697349,0.92244807921692,1.0146928871386
1.9431640625003,1.0761184632213,0.92244585468886,1.0146904401577
1.9433593750003,1.0760932559692,0.92244363180015,1.0146879949802
1.9435546875003,1.0760680755649,0.9224414105503,1.0146855516053
1.9437500000003,1.0760429219809,0.92243919093879,1.0146831100327
1.9439453125003,1.0760177951896,0.92243697296514,1.0146806702617
1.9441406250003,1.0759926951635,0.92243475662882,1.0146782322917
1.9443359375003,1.0759676218751,0.92243254192935,1.0146757961223
1.9445312500003,1.0759425752968,0.9224303288662,1.0146733617528
1.9447265625003,1.0759175554013,0.92242811743887,1.0146709291828
1.9449218750003,1.0758925621611,0.92242590764686,1.0146684984115
1.9451171875003,1.0758675955487,0.92242369948965,1.0146660694386
1.9453125000003,1.0758426555368,0.92242149296674,1.0146636422634
1.9455078125003,1.0758177420982,0.92241928807761,1.0146612168854
1.9457031250003,1.0757928552053,0.92241708482175,1.0146587933039
1.9458984375003,1.0757679948311,0.92241488319865,1.0146563715185
1.9460937500003,1.0757431609482,0.92241268320779,1.0146539515286
1.9462890625003,1.0757183535294,0.92241048484867,1.0146515333335
1.9464843750003,1.0757183535284,0.92240828426328,1.0146491126896
1.9466796875003,1.0756688179783,0.92240608917158,1.0146466980887
1.9468750000003,1.0756440897907,0.92240389571005,1.0146442852811
1.9470703125003,1.0756193879586,0.92240170387818,1.014641874266
1.9472656250003,1.0755947124549,0.92239951367545,1.014639465043
1.9474609375003,1.0755700632524,0.92239732510133,1.0146370576115
1.9476562500003,1.0755454403243,0.92239513815532,1.0146346519709
1.9478515625003,1.0755208436434,0.92239295283688,1.0146322481206
1.9480468750003,1.0754962731829,0.92239076914549,1.01462984606
1.9482421875003,1.0754717289158,0.92238858708063,1.0146274457887
1.9484375000003,1.0754472108151,0.92238640664179,1.014625047306
1.9486328125003,1.075422718854,0.92238422782842,1.0146226506113
1.9488281250003,1.0753982530056,0.92238205064001,1.014620255704
1.9490234375003,1.0753738132431,0.92237987507603,1.0146178625836
1.9492187500003,1.0753493995397,0.92237770113595,1.0146154712495
1.9494140625003,1.0753250118685,0.92237552881924,1.0146130817012
1.9496093750003,1.075300650203,0.92237335812538,1.0146106939379
1.9498046875003,1.0752763145162,0.92237118905384,1.0146083079592
1.9500000000003,1.0752520047816,0.92236902160408,1.0146059237645
1.9501953125003,1.0752277209725,0.92236685577557,1.0146035413531
1.9503906250003,1.0752034630622,0.92236469156779,1.0146011607246
1.9505859375003,1.0751792310241,0.92236252898019,1.0145987818782
1.9507812500003,1.0751550248317,0.92236036801225,1.0145964048135
1.9509765625003,1.0751308444583,0.92235820866343,1.0145940295298
1.9511718750003,1.0751066898775,0.92235605093319,1.0145916560265
1.9513671875003,1.0750825610629,0.92235389482099,1.0145892843031
1.9515625000003,1.0750584579878,0.92235174032631,1.0145869143589
1.9517578125003,1.0750343806258,0.9223495874486,1.0145845461935
1.9519531250003,1.0750103289506,0.92234743618732,1.0145821798061
1.9521484375003,1.0749863029358,0.92234528654194,1.0145798151961
1.9523437500003,1.0749623025549,0.92234313851191,1.0145774523631
1.9525390625003,1.0749383277817,0.92234099209669,1.0145750913064
1.9527343750003,1.0749143785899,0.92233884729574,1.0145727320253
1.9529296875003,1.0748904549531,0.92233670410852,1.0145703745194
1.9531250000003,1.0748665568451,0.92233456253449,1.0145680187879
1.9533203125003,1.0748665568442,0.92233241887827,1.0145656607661
1.9535156250003,1.0748188371137,0.92233028053425,1.0145633085877
1.9537109375003,1.0747950154369,0.92232814380177,1.0145609581819
1.9539062500003,1.0747712191842,0.92232600868029,1.0145586095483
1.9541015625003,1.0747474483295,0.92232387516925,1.0145562626862
1.9542968750003,1.0747237028467,0.92232174326812,1.0145539175949
1.9544921875003,1.0746999827097,0.92231961297633,1.014551574274
1.9546875000003,1.0746762878925,0.92231748429334,1.0145492327227
1.9548828125003,1.0746526183691,0.9223153572186,1.0145468929405
1.9550781250003,1.0746289741135,0.92231323175156,1.0145445549267
1.9552734375003,1.0746053550997,0.92231110789166,1.0145422186808
1.9554687500003,1.0745817613019,0.92230898563836,1.0145398842022
1.9556640625003,1.0745581926941,0.92230686499109,1.0145375514902
1.9558593750003,1.0745346492505,0.92230474594931,1.0145352205442
1.9560546875003,1.0745111309452,0.92230262851246,1.0145328913637
1.9562500000003,1.0744876377525,0.92230051267998,1.014530563948
1.9564453125003,1.0744641696464,0.92229839845132,1.0145282382965
1.9566406250003,1.0744407266014,0.92229628582592,1.0145259144085
1.9568359375003,1.0744173085915,0.92229417480321,1.0145235922835
1.9570312500003,1.0743939155911,0.92229206538265,1.0145212719209
1.9572265625003,1.0743705475746,0.92228995756367,1.01451895332
1.9574218750003,1.0743472045163,0.92228785134572,1.0145166364803
1.9576171875003,1.0743238863905,0.92228574672822,1.014514321401
1.9578125000003,1.0743005931717,0.92228364371062,1.0145120080817
1.9580078125003,1.0742773248342,0.92228154229236,1.0145096965216
1.9582031250003,1.0742540813525,0.92227944247287,1.0145073867202
1.9583984375003,1.0742308627012,0.92227734425159,1.0145050786767
1.9585937500003,1.0742076688546,0.92227524762795,1.0145027723907
1.9587890625003,1.0741844997874,0.92227315260139,1.0145004678615
1.9589843750003,1.0741613554741,0.92227105917134,1.0144981650885
1.9591796875003,1.0741382358892,0.92226896733723,1.014495864071
1.9593750000003,1.0741151410075,0.9222668770985,1.0144935648083
1.9595703125003,1.0740920708034,0.92226478845458,1.0144912673
1.9597656250003,1.0740920708025,0.92226269785914,1.014488967645
1.9599609375003,1.07404600433,0.9222606124082,1.014486673649
1.9601562500003,1.0740230080091,0.92225852855036,1.0144843814054
1.9603515625003,1.0740000362647,0.92225644628503,1.0144820909135
1.9605468750003,1.0739770890716,0.92225436561165,1.0144798021728
1.9607421875003,1.0739541664046,0.92225228652965,1.0144775151826
1.9609375000003,1.0739312682385,0.92225020903845,1.0144752299423
1.9611328125003,1.0739083945481,0.92224813313748,1.0144729464512
1.9613281250003,1.0738855453084,0.92224605882616,1.0144706647088
1.9615234375003,1.0738627204943,0.92224398610391,1.0144683847143
1.9617187500003,1.0738399200806,0.92224191497017,1.0144661064672
1.9619140625003,1.0738171440423,0.92223984542435,1.0144638299668
1.9621093750003,1.0737943923544,0.92223777746588,1.0144615552125
1.9623046875003,1.0737716649919,0.92223571109417,1.0144592822036
1.9625000000003,1.0737489619299,0.92223364630865,1.0144570109395
1.9626953125003,1.0737262831433,0.92223158310874,1.0144547414196
1.9628906250003,1.0737036286073,0.92222952149386,1.0144524736432
1.9630859375003,1.0736809982969,0.92222746146342,1.0144502076098
1.9632812500003,1.0736583921874,0.92222540301685,1.0144479433185
1.9634765625003,1.0736358102538,0.92222334615356,1.0144456807689
1.9636718750003,1.0736132524714,0.92222129087297,1.0144434199603
1.9638671875003,1.0735907188154,0.9222192371745,1.014441160892
1.9640625000003,1.0735682092609,0.92221718505756,1.0144389035633
1.9642578125003,1.0735457237834,0.92221513452156,1.0144366479737
1.9644531250003,1.0735232623579,0.92221308556592,1.0144343941225
1.9646484375003,1.07350082496,0.92221103819006,1.0144321420091
1.9648437500003,1.0734784115648,0.92220899239338,1.0144298916327
1.9650390625003,1.0734560221478,0.92220694817531,1.0144276429928
1.9652343750003,1.0734336566844,0.92220490553524,1.0144253960888
1.9654296875003,1.0734113151499,0.92220286447259,1.0144231509198
1.9656250000003,1.0733889975199,0.92220082498677,1.0144209074854
1.9658203125003,1.073388997519,0.92219878366773,1.0144186620345
1.9660156250003,1.0733444338778,0.92219674733869,1.0144164220726
1.9662109375003,1.0733221878157,0.92219471258471,1.0144141838432
1.9664062500003,1.0732999655601,0.92219267940518,1.0144119473457
1.9666015625003,1.0732777670866,0.92219064779952,1.0144097125795
1.9667968750003,1.0732555923706,0.92218861776713,1.0144074795438
1.9669921875003,1.0732334413878,0.92218658930742,1.0144052482382
1.9671875000003,1.073211314114,0.92218456241979,1.0144030186618
1.9673828125003,1.0731892105247,0.92218253710364,1.014400790814
1.9675781250003,1.0731671305956,0.92218051335839,1.0143985646942
1.9677734375003,1.0731450743025,0.92217849118343,1.0143963403018
1.9679687500003,1.0731230416211,0.92217647057817,1.014394117636
1.9681640625003,1.0731010325272,0.922174451542,1.0143918966962
1.9683593750003,1.0730790469966,0.92217243407433,1.0143896774818
1.9685546875003,1.0730570850051,0.92217041817457,1.014387459992
1.9687500000003,1.0730351465285,0.9221684038421,1.0143852442263
1.9689453125003,1.0730132315428,0.92216639107633,1.014383030184
1.9691406250003,1.0729913400238,0.92216437987665,1.0143808178643
1.9693359375003,1.0729694719474,0.92216237024248,1.0143786072667
1.9695312500003,1.0729476272897,0.92216036217319,1.0143763983905
1.9697265625003,1.0729258060265,0.9221583556682,1.014374191235
1.9699218750003,1.0729040081339,0.92215635072689,1.0143719857996
1.9701171875003,1.0728822335879,0.92215434734866,1.0143697820835
1.9703125000003,1.0728604823645,0.92215234553291,1.0143675800862
1.9705078125003,1.0728387544399,0.92215034527903,1.0143653798069
1.9707031250003,1.07281704979,0.92214834658642,1.0143631812451
1.9708984375003,1.0727953683911,0.92214634945446,1.0143609843999
1.9710937500003,1.0727737102193,0.92214435388256,1.0143587892708
1.9712890625003,1.0727520752507,0.92214235987009,1.0143565958571
1.9714843750003,1.0727304634616,0.92214036741646,1.0143544041581
1.9716796875003,1.0727088748282,0.92213837652106,1.0143522141732
1.9718750000003,1.0727088748273,0.92213638390654,1.0143500222972
1.9720703125003,1.0726657669359,0.92213439613047,1.0143478357435
1.9722656250003,1.0726442476288,0.92213240991078,1.0143456509019
1.9724609375003,1.0726227513824,0.92213042524686,1.0143434677715
1.9726562500003,1.0726012781733,0.92212844213811,1.0143412863519
1.9728515625003,1.0725798279776,0.92212646058391,1.0143391066423
1.9730468750003,1.0725584007718,0.92212448058365,1.014336928642
1.9732421875003,1.0725369965324,0.92212250213671,1.0143347523504
1.9734375000003,1.0725156152358,0.92212052524248,1.0143325777667
1.9736328125003,1.0724942568584,0.92211854990035,1.0143304048904
1.9738281250003,1.0724729213767,0.92211657610969,1.0143282337207
1.9740234375003,1.0724516087673,0.9221146038699,1.0143260642569
1.9742187500003,1.0724303190066,0.92211263318035,1.0143238964984
1.9744140625003,1.0724090520714,0.92211066404043,1.0143217304445
1.9746093750003,1.072387807938,0.92210869644952,1.0143195660945
1.9748046875003,1.0723665865833,0.922106730407,1.0143174034477
1.9750000000003,1.0723453879837,0.92210476591226,1.0143152425035
1.9751953125003,1.072324212116,0.92210280296467,1.0143130832611
1.9753906250003,1.0723030589568,0.92210084156361,1.01431092572
1.9755859375003,1.0722819284829,0.92209888170846,1.0143087698793
1.9757812500003,1.072260820671,0.92209692339861,1.0143066157385
1.9759765625003,1.0722397354978,0.92209496663342,1.0143044632968
1.9761718750003,1.0722186729402,0.92209301141229,1.0143023125535
1.9763671875003,1.0721976329749,0.92209105773457,1.014300163508
1.9765625000003,1.0721766155788,0.92208910559966,1.0142980161596
1.9767578125003,1.0721556207287,0.92208715500692,1.0142958705076
1.9769531250003,1.0721346484016,0.92208520595574,1.0142937265513
1.9771484375003,1.0721136985742,0.92208325844548,1.01429158429
1.9773437500003,1.0720927712236,0.92208131247552,1.0142894437231
1.9775390625003,1.0720927712228,0.92207936488954,1.0142873013785
1.9777343750003,1.0720509838629,0.92207742200285,1.0142851642031
1.9779296875003,1.072030123806,0.92207548065457,1.01428302872
1.9781250000003,1.0720092861338,0.92207354084408,1.0142808949285
1.9783203125003,1.0719884708233,0.92207160257075,1.0142787628278
1.9785156250003,1.0719676778516,0.92206966583395,1.0142766324173
1.9787109375003,1.0719469071958,0.92206773063305,1.0142745036964
1.9789062500003,1.071926158833,0.92206579696742,1.0142723766642
1.9791015625003,1.0719054327404,0.92206386483643,1.0142702513201
1.9792968750003,1.0718847288951,0.92206193423946,1.0142681276634
1.9794921875003,1.0718640472744,0.92206000517586,1.0142660056934
1.9796875000003,1.0718433878553,0.922058077645,1.0142638854095
1.9798828125003,1.0718227506153,0.92205615164626,1.0142617668109
1.9800781250003,1.0718021355314,0.922054227179,1.0142596498969
1.9802734375003,1.0717815425811,0.92205230424259,1.0142575346669
1.9804687500003,1.0717609717416,0.92205038283639,1.01425542112
1.9806640625003,1.0717404229902,0.92204846295978,1.0142533092558
1.9808593750003,1.0717198963043,0.9220465446121,1.0142511990733
1.9810546875003,1.0716993916614,0.92204462779273,1.014249090572
1.9812500000003,1.0716789090387,0.92204271250104,1.0142469837511
1.9814453125003,1.0716584484137,0.92204079873637,1.01424487861
1.9816406250003,1.0716380097639,0.92203888649811,1.0142427751479
1.9818359375003,1.0716175930667,0.92203697578561,1.0142406733642
1.9820312500003,1.0715971982997,0.92203506659823,1.0142385732581
1.9822265625003,1.0715768254403,0.92203315893534,1.0142364748289
1.9824218750003,1.0715564744661,0.92203125279629,1.0142343780759
1.9826171875003,1.0715361453546,0.92202934818044,1.0142322829985
1.9828125000003,1.0715361453538,0.92202744204144,1.0142301862456
1.9830078125003,1.0714955526328,0.92202554047448,1.0142280945219
1.9832031250003,1.0714752889768,0.92202364042879,1.0142260044717
1.9833984375003,1.0714550470941,0.92202174190374,1.0142239160941
1.9835937500003,1.0714348269623,0.92201984489869,1.0142218293886
1.9837890625003,1.0714146285592,0.92201794941299,1.0142197443543
1.9839843750003,1.0713944518624,0.922016055446,1.0142176609906
1.9841796875003,1.0713742968497,0.92201416299707,1.0142155792968
1.9843750000003,1.0713541634989,0.92201227206556,1.0142134992721
1.9845703125003,1.0713340517878,0.92201038265084,1.0142114209159
1.9847656250003,1.0713139616942,0.92200849475224,1.0142093442275
1.9849609375003,1.0712938931959,0.92200660836914,1.0142072692061
1.9851562500003,1.0712738462708,0.92200472350088,1.014205195851
1.9853515625003,1.0712538208969,0.92200284014681,1.0142031241615
1.9855468750003,1.0712338170519,0.92200095830629,1.0142010541369
1.9857421875003,1.0712138347139,0.92199907797867,1.0141989857765
1.9859375000003,1.0711938738609,0.92199719916331,1.0141969190796
1.9861328125003,1.0711739344706,0.92199532185955,1.0141948540455
1.9863281250003,1.0711540165213,0.92199344606675,1.0141927906734
1.9865234375003,1.0711341199909,0.92199157178426,1.0141907289627
1.9867187500003,1.0711142448575,0.92198969901143,1.0141886689126
1.9869140625003,1.0710943910991,0.92198782774761,1.0141866105224
1.9871093750003,1.0710745586938,0.92198595799214,1.0141845537914
1.9873046875003,1.0710547476198,0.92198408974439,1.0141824987188
1.9875000000003,1.0710349578552,0.92198222300369,1.0141804453041
1.9876953125003,1.0710151893781,0.9219803577694,1.0141783935463
1.9878906250003,1.0709954421667,0.92197849404086,1.0141763434449
1.9880859375003,1.070995442166,0.92197662887913,1.014174291767
1.9882812500003,1.0709560114565,0.92197476816438,1.0141722449808
1.9884765625003,1.0709363279132,0.92197290895341,1.0141701998488
1.9886718750003,1.0709166655487,0.92197105124558,1.0141681563701
1.9888671875003,1.0708970243411,0.92196919504023,1.0141661145443
1.9890625000003,1.0708774042689,0.92196734033671,1.0141640743704
1.9892578125003,1.0708578053103,0.92196548713435,1.0141620358478
1.9894531250003,1.0708382274438,0.92196363543252,1.0141599989758
1.9896484375003,1.0708186706477,0.92196178523053,1.0141579637536
1.9898437500003,1.0707991349004,0.92195993652775,1.0141559301805
1.9900390625003,1.0707796201803,0.92195808932352,1.0141538982559
1.9902343750003,1.070760126466,0.92195624361717,1.0141518679789
1.9904296875003,1.0707406537358,0.92195439940806,1.0141498393489
1.9906250000003,1.0707212019684,0.92195255669551,1.0141478123651
1.9908203125003,1.0707017711421,0.92195071547888,1.0141457870268
1.9910156250003,1.0706823612356,0.9219488757575,1.0141437633333
1.9912109375003,1.0706629722274,0.92194703753072,1.0141417412838
1.9914062500003,1.0706436040962,0.92194520079787,1.0141397208777
1.9916015625003,1.0706242568204,0.92194336555829,1.0141377021141
1.9917968750003,1.0706049303788,0.92194153181133,1.0141356849925
1.9919921875003,1.0705856247501,0.92193969955632,1.014133669512
1.9921875000003,1.0705663399128,0.92193786879261,1.0141316556719
1.9923828125003,1.0705470758456,0.92193603951952,1.0141296434715
1.9925781250003,1.0705278325274,0.9219342117364,1.01412763291
1.9927734375003,1.0705086099369,0.92193238544258,1.0141256239868
1.9929687500003,1.0704894080528,0.92193056063741,1.0141236167011
1.9931640625003,1.070489408052,0.92192873448301,1.0141216079313
1.9933593750003,1.0704510663212,0.92192691265723,1.014119603923
1.9935546875003,1.0704319264306,0.92192509231809,1.0141176015499
1.9937500000003,1.0704128071617,0.92192327346493,1.0141156008114
1.9939453125003,1.0703937084934,0.92192145609708,1.0141136017068
1.9941406250003,1.0703746304046,0.92191964021388,1.0141116042353
1.9943359375003,1.0703555728742,0.92191782581467,1.0141096083961
1.9945312500003,1.070336535881,0.92191601289877,1.0141076141886
1.9947265625003,1.0703175194042,0.92191420146552,1.0141056216121
1.9949218750003,1.0702985234226,0.92191239151426,1.0141036306657
1.9951171875003,1.0702795479153,0.92191058304431,1.0141016413487
1.9953125000003,1.0702605928613,0.92190877605501,1.0140996536605
1.9955078125003,1.0702416582397,0.92190697054568,1.0140976676003
1.9957031250003,1.0702227440295,0.92190516651567,1.0140956831672
1.9958984375003,1.0702038502098,0.9219033639643,1.0140937003607
1.9960937500003,1.0701849767598,0.9219015628909,1.01409171918
1.9962890625003,1.0701661236585,0.92189976329481,1.0140897396243
1.9964843750003,1.0701472908851,0.92189796517535,1.0140877616929
1.9966796875003,1.0701284784189,0.92189616853185,1.014085785385
1.9968750000003,1.0701096862389,0.92189437336364,1.0140838107
1.9970703125003,1.0700909143245,0.92189257967006,1.0140818376371
1.9972656250003,1.0700721626549,0.92189078745042,1.0140798661955
1.9974609375003,1.0700534312093,0.92188899670406,1.0140778963745
1.9976562500003,1.0700347199671,0.9218872074303,1.0140759281733
1.9978515625003,1.0700347199663,0.92188541688257,1.0140739585708
1.9980468750003,1.069997358012,0.92188363055598,1.0140719936116
1.9982421875003,1.0699787072571,0.92188184569997,1.01407003027
1.9984375000003,1.069960076623,0.92188006231387,1.0140680685453
1.9986328125003,1.0699414660889,0.921878280397,1.0140661084367
1.9988281250003,1.0699228756343,0.92187649994868,1.0140641499436
1.9990234375003,1.0699043052386,0.92187472096826,1.0140621930651
1.9992187500003,1.0698857548813,0.92187294345504,1.0140602378005
1.9994140625003,1.0698672245419,0.92187116740835,1.0140582841492
1.9996093750003,1.0698487141998,0.92186939282752,1.0140563321103
1.9998046875003,1.0698302238347,0.92186761971187,1.0140543816831
2,1.069811753426,0.92186584806073,1.0140524328668

